ply
format ascii 1.0
element vertex 343
property float end_x
property float end_y
property float end_z
property int path_id
property int group_id
end_header
3.358846203449114 -4.971735328994844 0.0 0.0 0.0
3.68116470509257 -4.738040355883509 0.0 1.0 0.0
3.9872755951153294 -4.4834845074559695 0.0 2.0 0.0
4.2758311135512335 -4.2091885546251335 0.0 3.0 0.0
4.545560794080929 -3.9163601809989794 0.0 4.0 0.0
4.795277057702977 -3.606288665632228 0.0 5.0 0.0
5.023880441464646 -3.280339206525598 0.0 6.0 0.0
3.8480952263422123 -4.6034946648174015 0.0 7.0 0.0
4.144915905965124 -4.3381646041243425 0.0 8.0 0.0
4.423487147547028 -4.0537342605906295 0.0 9.0 0.0
4.682582444029979 -3.7514559380142307 0.0 10.0 0.0
4.921061037997626 -3.432660522146303 0.0 11.0 0.0
5.137872944257637 -3.0987516210024575 0.0 12.0 0.0
5.332063572767751 -2.751199384988882 0.0 13.0 0.0
4.297263580382975 -4.187305305409924 0.0 14.0 0.0
4.5654948379420155 -3.8931037598200247 0.0 15.0 0.0
4.813624912012228 -3.5817614669957116 0.0 16.0 0.0
5.040561323393652 -3.2546492199787114 0.0 17.0 0.0
5.245304905378757 -2.9132072445347155 0.0 18.0 0.0
5.426954202932387 -2.558938858057086 0.0 19.0 0.0
5.584709441661983 -2.1934038506876714 0.0 20.0 0.0
4.7016728553454765 -3.7275021611405554 0.0 21.0 0.0
4.938520870111763 -3.4074934505396426 0.0 22.0 0.0
5.1536253241694645 -3.072482061473945 0.0 23.0 0.0
5.346039145130208 -2.723942998437279 0.0 24.0 0.0
5.514915164032422 -2.3634108262266302 0.0 25.0 0.0
5.659509845298188 -1.9924729134853718 0.0 26.0 0.0
5.779186560407968 -1.612762443759131 0.0 27.0 0.0
5.057110838881222 -3.2288744111950303 0.0 28.0 0.0
5.260108669084916 -2.886391655582748 0.0 29.0 0.0
5.439947036123799 -2.5312005539205895 0.0 30.0 0.0
5.5958341388585655 -2.1648649589258495 0.0 31.0 0.0
5.727083629945315 -1.7889977908349672 0.0 32.0 0.0
5.833117637719136 -1.4052539359595946 0.0 33.0 0.0
5.913469310475672 -1.0153229604723726 0.0 34.0 0.0
5.359875389728709 -2.6966156208441205 0.0 35.0 0.0
5.526908667525053 -2.3352260235010323 0.0 36.0 0.0
5.669607802102435 -1.9635547790523178 0.0 37.0 0.0
5.787344510746789 -1.5832382997922356 0.0 38.0 0.0
5.879600416531224 -1.195951061676798 0.0 39.0 0.0
5.9459693306512555 -0.80339823185931 0.0 40.0 0.0
5.986159040812699 -0.40730816109720547 0.0 41.0 0.0
5.606812998167158 -2.1362696467402693 0.0 42.0 0.0
5.7361419522924795 -1.7597373392498754 0.0 43.0 0.0
5.840215540681153 -1.375457174319268 0.0 44.0 0.0
5.9185755430589735 -0.9851210794131757 0.0 45.0 0.0
5.970876952183155 -0.5904476453403782 0.0 46.0 0.0
5.996889492857067 -0.19317455955821994 0.0 47.0 0.0
5.996498635797103 0.20494904460253394 0.0 48.0 0.0
4.095243989511858 -4.3850857079841665 0.0 49.0 1.0
4.377036267441932 -4.103846185409243 0.0 50.0 1.0
4.639557116474987 -3.8045380485633604 0.0 51.0 1.0
4.881650697004723 -3.488479105918983 0.0 52.0 1.0
5.102251107599546 -3.1570609172138586 0.0 53.0 1.0
5.300387078005413 -2.8117426666238914 0.0 54.0 1.0
5.475186245501912 -2.454044738195838 0.0 55.0 1.0
4.520864013764277 -3.9448432882753597 0.0 56.0 1.0
4.772523572171742 -3.6363468966897363 0.0 57.0 1.0
5.003170430875395 -3.31184021951756 0.0 58.0 1.0
5.211789086629149 -2.9727520105944434 0.0 59.0 1.0
5.397461023033937 -2.6205752240356395 0.0 60.0 1.0
5.559368754626547 -2.256860440984792 0.0 61.0 1.0
5.696799426144509 -1.8832090426396069 0.0 62.0 1.0
4.899396000220301 -3.4635124993314665 0.0 63.0 1.0
5.118301624496173 -3.130972449683937 0.0 64.0 1.0
5.31467214058396 -2.7846472017296393 0.0 65.0 1.0
5.487642958791682 -2.426061573172469 0.0 66.0 1.0
5.636452514759194 -2.056794362318402 0.0 67.0 1.0
5.760445622510916 -1.6784713968652594 0.0 68.0 1.0
5.85907635914063 -1.2927583756291723 0.0 69.0 1.0
5.226897267031704 -2.9461067461815604 0.0 70.0 1.0
5.410768898258402 -2.5929866813463502 0.0 71.0 1.0
5.570817732110399 -2.228450088201292 0.0 72.0 1.0
5.706339097770922 -1.854101966249683 0.0 73.0 1.0
5.816736315157198 -1.471590513672695 0.0 74.0 1.0
5.901523322012646 -1.0825998705619846 0.0 75.0 1.0
5.960326813965502 -0.688842703905503 0.0 76.0 1.0
5.499956653857665 -2.3980151804537853 0.0 77.0 1.0
5.646879137256253 -2.027993098908397 0.0 78.0 1.0
5.768939265596655 -1.6490420703721047 0.0 79.0 1.0
5.865599626588744 -1.2628305589278324 0.0 80.0 1.0
5.936434639277689 -0.8710589954669974 0.0 81.0 1.0
5.981132427812561 -0.4754522909493896 0.0 82.0 1.0
5.9994961945885485 -0.07775224188101565 0.0 83.0 1.0
5.715730051543746 -1.8249465684999469 0.0 84.0 1.0
5.824173084183113 -1.44187651533582 0.0 85.0 1.0
5.9069731633220375 -1.0524580978800229 0.0 86.0 1.0
5.963765732731078 -0.6584058665462704 0.0 87.0 1.0
5.994300743313911 -0.2614547737301703 0.0 88.0 1.0
5.998443754035699 0.1366474649238582 0.0 89.0 1.0
5.976176523846638 0.5341480654503191 0.0 90.0 1.0
5.871970025556466 -1.2328698305037658 0.0 91.0 1.0
5.940804095554785 -0.8407417547853133 0.0 92.0 1.0
5.983481703343686 -0.44491202023697674 0.0 93.0 1.0
5.999814945868738 -0.047123405332266805 0.0 94.0 1.0
5.98973191033262 0.3508726868012706 0.0 95.0 1.0
5.953276990816286 0.7473239395452209 0.0 96.0 1.0
5.8906106928185435 1.140484837975428 0.0 97.0 1.0
4.730803277217245 -3.6904607235778273 0.0 98.0 2.0
4.965130670336344 -3.3686017019655745 0.0 99.0 2.0
5.177597343819755 -3.0319112363772494 0.0 100.0 2.0
5.367267839028151 -2.6818717240267267 0.0 101.0 2.0
5.533307065448469 -2.3200243359624597 0.0 102.0 2.0
5.674983977471178 -1.9479622315243708 0.0 103.0 2.0
5.791674793073565 -1.567323543904155 0.0 104.0 2.0
5.082314125280013 -3.1890567777917114 0.0 105.0 2.0
5.282615868933849 -2.8449902603151873 0.0 106.0 2.0
5.459659053624929 -2.4883976808724424 0.0 107.0 2.0
5.612664184979204 -2.1208490626755423 0.0 108.0 2.0
5.740957604537022 -1.7439626667186818 0.0 109.0 2.0
5.843974455769468 -1.359397866819702 0.0 110.0 2.0
5.921261171056256 -0.9688478436480615 0.0 111.0 2.0
5.380889030369116 -2.6544365207805054 0.0 112.0 2.0
5.54507883838603 -2.2917462067348193 0.0 113.0 2.0
5.684854502668932 -1.918965680642771 0.0 114.0 2.0
5.799600612101444 -1.537736238797979 0.0 115.0 2.0
5.888811956912841 -1.1497363767926791 0.0 116.0 2.0
5.952095753040279 -0.7566743993554167 0.0 117.0 2.0
5.989173371497637 -0.3602808989436158 0.0 118.0 2.0
5.623418120926132 -2.0921684055638576 0.0 119.0 2.0
5.749785838817482 -1.7146319744288983 0.0 120.0 2.0
5.850838119002713 -1.329546277955301 0.0 121.0 2.0
5.926130043570827 -0.9386067902413846 0.0 122.0 2.0
5.975330113561755 -0.5435347587432313 0.0 123.0 2.0
5.998221708506162 -0.14606962588238387 0.0 124.0 2.0
5.994704040172614 0.25203862945614225 0.0 125.0 2.0
5.807375282706504 -1.508108857413667 0.0 126.0 2.0
5.894604700150946 -1.1196586216157043 0.0 127.0 2.0
5.955881064338788 -0.7262786981941998 0.0 128.0 2.0
5.990934584703227 -0.329701079474674 0.0 129.0 2.0
5.999610925894036 0.0683281632484336 0.0 130.0 2.0
5.981871887292776 0.4660565673996746 0.0 131.0 2.0
5.937795571204343 0.8617329949503466 0.0 132.0 2.0
5.930844470069298 -0.9083412749888868 0.0 133.0 2.0
5.978027030186315 -0.5130232220492394 0.0 134.0 2.0
5.998889241140676 -0.11544640542975204 0.0 135.0 2.0
5.99333924977182 0.28263870425785664 0.0 136.0 2.0
5.961401491852611 0.6794793984643401 0.0 137.0 2.0
5.90321658450232 1.0733284476136662 0.0 138.0 2.0
5.81904070707071 1.4624517938906634 0.0 139.0 2.0
5.992539662965353 -0.29911266737987685 0.0 140.0 2.0
5.999183925586129 0.09895568194397475 0.0 141.0 2.0
5.979414688432632 0.4965883443618886 0.0 142.0 2.0
5.9333189924670275 0.8920346033815387 0.0 143.0 2.0
5.861099790069185 1.2835533689141876 0.0 144.0 2.0
5.763075051468038 1.6694208430311004 0.0 145.0 2.0
5.639676364766741 2.047938109585198 0.0 146.0 2.0
5.24987448760162 -2.9049643482200658 0.0 147.0 3.0
5.430967077803123 -2.550411064871427 0.0 148.0 3.0
5.588147941099266 -2.184628707215034 0.0 149.0 3.0
5.720725033914007 -1.8092277596669737 0.0 150.0 3.0
5.828114639352753 -1.4258610558403368 0.0 151.0 3.0
5.909843937219592 -1.0362165013687215 0.0 152.0 3.0
5.965553085773123 -0.6420096423129327 0.0 153.0 3.0
5.518620795797814 -2.354745105566184 0.0 154.0 3.0
5.662632631005888 -1.9835805217503355 0.0 155.0 3.0
5.781712750904657 -1.603682532805823 0.0 156.0 3.0
5.8753368637305945 -1.2167237721390745 0.0 157.0 3.0
5.94309275667048 -0.8244079606668515 0.0 158.0 3.0
5.98468211077209 -0.4284624055906505 0.0 159.0 3.0
5.999921814397441 -0.03063039532425508 0.0 160.0 3.0
5.729886714443403 -1.7799995055181888 0.0 161.0 3.0
5.835317808213253 -1.3960895663062913 0.0 162.0 3.0
5.915056879947788 -1.0060328558165164 0.0 163.0 3.0
5.968752850570359 -0.6115467347703001 0.0 164.0 3.0
5.9961693048409055 -0.21436806591405255 0.0 165.0 3.0
5.9971855322565215 0.1837544331249112 0.0 166.0 3.0
5.971797058521546 0.5810678891776833 0.0 167.0 3.0
5.8814717576286135 -1.186713935292322 0.0 168.0 3.0
5.947223969579721 -0.7940573377637351 0.0 169.0 3.0
5.986791453586735 -0.3979046258349331 0.0 170.0 3.0
6.0 3.720393064542541e-16 0.0 171.0 3.0
5.986791453586735 0.3979046258349338 0.0 172.0 3.0
5.947223969579721 0.7940573377637361 0.0 173.0 3.0
5.8814717576286135 1.1867139352923226 0.0 174.0 3.0
5.971797058521546 -0.5810678891776827 0.0 175.0 3.0
5.9971855322565215 -0.18375443312491047 0.0 176.0 3.0
5.9961693048409055 0.2143680659140531 0.0 177.0 3.0
5.968752850570359 0.6115467347703007 0.0 178.0 3.0
5.915056879947788 1.006032855816517 0.0 179.0 3.0
5.835317808213252 1.396089566306292 0.0 180.0 3.0
5.729886714443402 1.7799995055181892 0.0 181.0 3.0
5.999921814397441 0.03063039532425675 0.0 182.0 3.0
5.98468211077209 0.428462405590652 0.0 183.0 3.0
5.943092756670479 0.8244079606668528 0.0 184.0 3.0
5.8753368637305945 1.2167237721390756 0.0 185.0 3.0
5.781712750904656 1.6036825328058242 0.0 186.0 3.0
5.662632631005888 1.9835805217503362 0.0 187.0 3.0
5.518620795797814 2.3547451055661854 0.0 188.0 3.0
5.965553085773122 0.6420096423129343 0.0 189.0 3.0
5.909843937219591 1.036216501368723 0.0 190.0 3.0
5.828114639352753 1.4258610558403382 0.0 191.0 3.0
5.720725033914007 1.809227759666975 0.0 192.0 3.0
5.588147941099265 2.184628707215034 0.0 193.0 3.0
5.430967077803123 2.550411064871427 0.0 194.0 3.0
5.24987448760162 2.904964348220066 0.0 195.0 3.0
5.639676364766742 -2.0479381095851967 0.0 196.0 4.0
5.7630750514680384 -1.6694208430311002 0.0 197.0 4.0
5.861099790069185 -1.2835533689141865 0.0 198.0 4.0
5.9333189924670275 -0.8920346033815376 0.0 199.0 4.0
5.979414688432633 -0.49658834436188726 0.0 200.0 4.0
5.999183925586129 -0.09895568194397328 0.0 201.0 4.0
5.992539662965353 0.2991126673798785 0.0 202.0 4.0
5.81904070707071 -1.4624517938906627 0.0 203.0 4.0
5.90321658450232 -1.0733284476136653 0.0 204.0 4.0
5.961401491852611 -0.6794793984643397 0.0 205.0 4.0
5.99333924977182 -0.2826387042578561 0.0 206.0 4.0
5.998889241140676 0.11544640542975261 0.0 207.0 4.0
5.978027030186315 0.5130232220492402 0.0 208.0 4.0
5.930844470069298 0.9083412749888873 0.0 209.0 4.0
5.937795571204343 -0.861732994950346 0.0 210.0 4.0
5.981871887292776 -0.4660565673996739 0.0 211.0 4.0
5.999610925894036 -0.06832816324843305 0.0 212.0 4.0
5.990934584703227 0.32970107947467453 0.0 213.0 4.0
5.955881064338788 0.7262786981942004 0.0 214.0 4.0
5.894604700150945 1.119658621615705 0.0 215.0 4.0
5.807375282706503 1.5081088574136676 0.0 216.0 4.0
5.994704040172615 -0.2520386294561409 0.0 217.0 4.0
5.998221708506162 0.14606962588238498 0.0 218.0 4.0
5.975330113561755 0.5435347587432322 0.0 219.0 4.0
5.926130043570827 0.9386067902413853 0.0 220.0 4.0
5.850838119002713 1.3295462779553016 0.0 221.0 4.0
5.749785838817482 1.714631974428899 0.0 222.0 4.0
5.623418120926132 2.0921684055638576 0.0 223.0 4.0
5.989173371497637 0.3602808989436171 0.0 224.0 4.0
5.952095753040278 0.7566743993554179 0.0 225.0 4.0
5.888811956912841 1.1497363767926796 0.0 226.0 4.0
5.799600612101443 1.5377362387979798 0.0 227.0 4.0
5.684854502668932 1.918965680642772 0.0 228.0 4.0
5.54507883838603 2.2917462067348193 0.0 229.0 4.0
5.380889030369116 2.6544365207805054 0.0 230.0 4.0
5.921261171056256 0.9688478436480629 0.0 231.0 4.0
5.843974455769467 1.3593978668197029 0.0 232.0 4.0
5.740957604537022 1.7439626667186823 0.0 233.0 4.0
5.612664184979204 2.120849062675543 0.0 234.0 4.0
5.459659053624929 2.4883976808724433 0.0 235.0 4.0
5.282615868933849 2.844990260315188 0.0 236.0 4.0
5.082314125280013 3.1890567777917114 0.0 237.0 4.0
5.791674793073565 1.567323543904156 0.0 238.0 4.0
5.674983977471178 1.9479622315243712 0.0 239.0 4.0
5.533307065448469 2.3200243359624597 0.0 240.0 4.0
5.367267839028151 2.6818717240267267 0.0 241.0 4.0
5.177597343819755 3.0319112363772494 0.0 242.0 4.0
4.965130670336344 3.3686017019655745 0.0 243.0 4.0
4.730803277217245 3.6904607235778273 0.0 244.0 4.0
5.890610692818544 -1.140484837975427 0.0 245.0 5.0
5.953276990816287 -0.7473239395452196 0.0 246.0 5.0
5.98973191033262 -0.3508726868012695 0.0 247.0 5.0
5.999814945868738 0.04712340533226792 0.0 248.0 5.0
5.983481703343685 0.44491202023697785 0.0 249.0 5.0
5.940804095554785 0.8407417547853147 0.0 250.0 5.0
5.871970025556466 1.2328698305037669 0.0 251.0 5.0
5.976176523846638 -0.5341480654503179 0.0 252.0 5.0
5.998443754035699 -0.13664746492385682 0.0 253.0 5.0
5.994300743313911 0.2614547737301715 0.0 254.0 5.0
5.963765732731078 0.6584058665462715 0.0 255.0 5.0
5.9069731633220375 1.052458097880024 0.0 256.0 5.0
5.824173084183113 1.4418765153358213 0.0 257.0 5.0
5.715730051543746 1.8249465684999477 0.0 258.0 5.0
5.9994961945885485 0.07775224188101788 0.0 259.0 5.0
5.981132427812561 0.4754522909493917 0.0 260.0 5.0
5.936434639277689 0.8710589954669992 0.0 261.0 5.0
5.865599626588744 1.262830558927834 0.0 262.0 5.0
5.768939265596655 1.6490420703721056 0.0 263.0 5.0
5.646879137256252 2.0279930989083983 0.0 264.0 5.0
5.499956653857664 2.398015180453786 0.0 265.0 5.0
5.960326813965502 0.688842703905505 0.0 266.0 5.0
5.901523322012645 1.0825998705619864 0.0 267.0 5.0
5.816736315157197 1.4715905136726966 0.0 268.0 5.0
5.706339097770921 1.8541019662496843 0.0 269.0 5.0
5.570817732110399 2.2284500882012934 0.0 270.0 5.0
5.410768898258402 2.592986681346352 0.0 271.0 5.0
5.2268972670317035 2.9461067461815618 0.0 272.0 5.0
5.85907635914063 1.2927583756291745 0.0 273.0 5.0
5.760445622510916 1.6784713968652611 0.0 274.0 5.0
5.636452514759194 2.056794362318403 0.0 275.0 5.0
5.487642958791682 2.42606157317247 0.0 276.0 5.0
5.314672140583959 2.7846472017296406 0.0 277.0 5.0
5.118301624496172 3.130972449683939 0.0 278.0 5.0
4.899396000220301 3.4635124993314674 0.0 279.0 5.0
5.6967994261445085 1.883209042639609 0.0 280.0 5.0
5.559368754626547 2.256860440984794 0.0 281.0 5.0
5.397461023033936 2.6205752240356412 0.0 282.0 5.0
5.211789086629147 2.972752010594446 0.0 283.0 5.0
5.003170430875393 3.3118402195175616 0.0 284.0 5.0
4.772523572171741 3.636346896689738 0.0 285.0 5.0
4.5208640137642755 3.9448432882753606 0.0 286.0 5.0
5.475186245501911 2.454044738195839 0.0 287.0 5.0
5.300387078005413 2.8117426666238927 0.0 288.0 5.0
5.102251107599544 3.157060917213859 0.0 289.0 5.0
4.881650697004722 3.4884791059189837 0.0 290.0 5.0
4.639557116474986 3.804538048563362 0.0 291.0 5.0
4.377036267441931 4.103846185409244 0.0 292.0 5.0
4.095243989511857 4.3850857079841665 0.0 293.0 5.0
5.996498635797103 -0.2049490446025315 0.0 294.0 6.0
5.996889492857067 0.19317455955822221 0.0 295.0 6.0
5.970876952183155 0.5904476453403802 0.0 296.0 6.0
5.918575543058973 0.9851210794131775 0.0 297.0 6.0
5.840215540681153 1.3754571743192696 0.0 298.0 6.0
5.736141952292479 1.7597373392498767 0.0 299.0 6.0
5.6068129981671575 2.1362696467402706 0.0 300.0 6.0
5.986159040812699 0.4073081610972079 0.0 301.0 6.0
5.945969330651255 0.8033982318593123 0.0 302.0 6.0
5.879600416531224 1.1959510616768003 0.0 303.0 6.0
5.787344510746788 1.5832382997922372 0.0 304.0 6.0
5.669607802102434 1.9635547790523191 0.0 305.0 6.0
5.526908667525053 2.3352260235010336 0.0 306.0 6.0
5.359875389728709 2.6966156208441214 0.0 307.0 6.0
5.913469310475672 1.015322960472375 0.0 308.0 6.0
5.833117637719135 1.4052539359595966 0.0 309.0 6.0
5.727083629945314 1.7889977908349697 0.0 310.0 6.0
5.595834138858565 2.1648649589258513 0.0 311.0 6.0
5.439947036123798 2.531200553920591 0.0 312.0 6.0
5.260108669084914 2.8863916555827496 0.0 313.0 6.0
5.057110838881222 3.228874411195032 0.0 314.0 6.0
5.779186560407967 1.6127624437591335 0.0 315.0 6.0
5.659509845298187 1.9924729134853738 0.0 316.0 6.0
5.514915164032422 2.3634108262266325 0.0 317.0 6.0
5.346039145130208 2.723942998437281 0.0 318.0 6.0
5.1536253241694645 3.072482061473946 0.0 319.0 6.0
4.938520870111762 3.4074934505396435 0.0 320.0 6.0
4.701672855345476 3.7275021611405563 0.0 321.0 6.0
5.584709441661982 2.1934038506876736 0.0 322.0 6.0
5.426954202932386 2.5589388580570884 0.0 323.0 6.0
5.245304905378756 2.9132072445347177 0.0 324.0 6.0
5.04056132339365 3.254649219978714 0.0 325.0 6.0
4.813624912012226 3.581761466995714 0.0 326.0 6.0
4.565494837942013 3.8931037598200273 0.0 327.0 6.0
4.297263580382972 4.187305305409927 0.0 328.0 6.0
5.33206357276775 2.751199384988884 0.0 329.0 6.0
5.137872944257635 3.09875162100246 0.0 330.0 6.0
4.9210610379976245 3.4326605221463056 0.0 331.0 6.0
4.682582444029978 3.7514559380142316 0.0 332.0 6.0
4.423487147547027 4.053734260590631 0.0 333.0 6.0
4.144915905965123 4.338164604124344 0.0 334.0 6.0
3.8480952263422097 4.603494664817403 0.0 335.0 6.0
5.0238804414646445 3.2803392065256007 0.0 336.0 6.0
4.795277057702976 3.6062886656322304 0.0 337.0 6.0
4.545560794080927 3.916360180998981 0.0 338.0 6.0
4.275831113551231 4.209188554625136 0.0 339.0 6.0
3.987275595115327 4.483484507455971 0.0 340.0 6.0
3.6811647050925673 4.738040355883511 0.0 341.0 6.0
3.3588462034491116 4.971735328994845 0.0 342.0 6.0
