ply
format ascii 1.0
element vertex 1407
property float x
property float y
property float z
property int group_id
end_header
0.0 0.0 0.0 0.0
0.009999972241750464 -2.356192310064121e-05 0.0 0.0
0.01999977793431192 -9.424743078746845e-05 0.0 0.0
0.029999250530036395 -0.0002120557382173711 0.0 0.0
0.03999822348435799 -0.00037698553732576026 0.0 0.0
0.04999653025733387 -0.0005890349968374613 0.0 0.0
0.05999400431518521 -0.0008482017622819639 0.0 0.0
0.06999047913183819 -0.0011544829560130299 0.0 0.0
0.07998578819046472 -0.001507875177232654 0.0 0.0
0.0899797649850234 -0.001908374502019388 0.0 0.0
0.09997224302180006 -0.0023559764833610154 0.0 0.0
0.10996305582094847 -0.0028506761511915826 0.0 0.0
0.11995203691803077 -0.0033924680124327897 0.0 0.0
0.12993901986555798 -0.003981346051039738 0.0 0.0
0.13992383823453003 -0.0046173037280510185 0.0 0.0
0.14990632561597605 -0.005300333981643178 0.0 0.0
0.15988631562249428 -0.006030429227189527 0.0 0.0
0.16986364188979178 -0.006807581357323292 0.0 0.0
0.17983813807822407 -0.007631781742005138 0.0 0.0
0.18980963787433466 -0.008503021228595049 0.0 0.0
0.19977797499239403 -0.009421290141928532 0.0 0.0
0.20974298317593865 -0.010386578284397197 0.0 0.0
0.2197044961993101 -0.011398874936033691 0.0 0.0
0.22966234786919307 -0.012458168854600962 0.0 0.0
0.239616372026154 -0.013564448275685884 0.0 0.0
0.24956640254617898 -0.014717700912797258 0.0 0.0
0.2595122733422114 -0.0159179139574681 0.0 0.0
0.26945381836568955 -0.01716507407936233 0.0 0.0
0.2793908716080836 -0.0184591674263858 0.0 0.0
0.2893232671024326 -0.019800179624801642 0.0 0.0
0.299250838924881 -0.02118809577935 0.0 0.0
0.3091734211962146 -0.02262290047337206 0.0 0.0
0.31909084808339644 -0.02410457776893847 0.0 0.0
0.32900295380110267 -0.025633111206982064 0.0 0.0
0.33890957261325705 -0.027208483807434968 0.0 0.0
0.34881053883456614 -0.028830678069369998 0.0 0.0
0.3587056868320532 -0.030499675971146438 0.0 0.0
0.36859485102659284 -0.03221545897056016 0.0 0.0
0.37847786589444343 -0.033978008004998034 0.0 0.0
0.3883545659687811 -0.035787303491596714 0.0 0.0
0.398224785841232 -0.037643325327405726 0.0 0.0
0.4080883601634045 -0.03954605288955499 0.0 0.0
0.41794512364842074 -0.041495465035426504 0.0 0.0
0.4277949110724482 -0.0434915401028305 0.0 0.0
0.4376375572762302 -0.045534255910185915 0.0 0.0
0.4474728971666162 -0.04762358975670506 0.0 0.0
0.45730076571809136 -0.049759518422582825 0.0 0.0
0.46712099797430595 -0.051942018169190037 0.0 0.0
0.476933429049604 -0.0541710647392712 0.0 0.0
0.4867378941305514 -0.056446633357146656 0.0 0.0
0.49653422847746315 -0.05876869872891882 0.0 0.0
0.5063222674259308 -0.06113723504268303 0.0 0.0
0.5161018463883483 -0.06355221596874251 0.0 0.0
0.5258728008554386 -0.06601361465982772 0.0 0.0
0.5356349663977779 -0.06852140375132004 0.0 0.0
0.5453881786673206 -0.07107555536147973 0.0 0.0
0.5551322733989238 -0.0736760410916782 0.0 0.0
0.5648670864118692 -0.07632283202663469 0.0 0.0
0.5745924536113873 -0.07901589873465698 0.0 0.0
0.5843082109901787 -0.0817552112678869 0.0 0.0
0.5940141946299345 -0.08454073916254957 0.0 0.0
0.6037102407028585 -0.08737245143920741 0.0 0.0
0.6133961854731859 -0.09025031660301809 0.0 0.0
0.6230718652987027 -0.09317430264399715 0.0 0.0
0.6327371166322651 -0.09614437703728453 0.0 0.0
0.6423917760233151 -0.09916050674341567 0.0 0.0
0.6520356801193999 -0.10222265820859693 0.0 0.0
0.6616686656676863 -0.10533079736498495 0.0 0.0
0.671290569516477 -0.10848488963097071 0.0 0.0
0.680901228616725 -0.11168489991146761 0.0 0.0
0.6905004800235469 -0.11493079259820407 0.0 0.0
0.700088160897737 -0.11822253157002005 0.0 0.0
0.7096641085072786 -0.12156008019316838 0.0 0.0
0.7192281602288557 -0.12494340132161971 0.0 0.0
0.7287801535493639 -0.1283724572973723 0.0 0.0
0.7383199260674187 -0.13184720995076588 0.0 0.0
0.7478473154948662 -0.13536762060079968 0.0 0.0
0.7573621596582895 -0.1389336500554549 0.0 0.0
0.7668642965005165 -0.14254525861202139 0.0 0.0
0.7763535640821255 -0.1462024060574283 0.0 0.0
0.785829800582951 -0.14990505166857968 0.0 0.0
0.7952928443035875 -0.15365315421269377 0.0 0.0
0.804742533666893 -0.15744667194764642 0.0 0.0
0.8141787072194911 -0.16128556262231955 0.0 0.0
0.8236012036332733 -0.16516978347695285 0.0 0.0
0.8330098617068982 -0.16909929124350068 0.0 0.0
0.842404520367292 -0.17307404214599248 0.0 0.0
0.8517850186711462 -0.1770939919008978 0.0 0.0
0.8611511958064154 -0.18115909571749558 0.0 0.0
0.8705028910938143 -0.1852693082982473 0.0 0.0
0.8798399439883117 -0.1894245838391751 0.0 0.0
0.8891621940806261 -0.1936248760302432 0.0 0.0
0.8984694810987186 -0.1978701380557443 0.0 0.0
0.9077616449092851 -0.20216032259468997 0.0 0.0
0.9170385255192471 -0.20649538182120494 0.0 0.0
0.9262999630772426 -0.2108752674049262 0.0 0.0
0.935545797875114 -0.2152999305114059 0.0 0.0
0.9447758703493971 -0.2197693218025186 0.0 0.0
0.953990021082807 -0.22428339143687268 0.0 0.0
0.9631880908057237 -0.22884208907022582 0.0 0.0
0.9723699203976766 -0.2334453638559054 0.0 0.0
0.9815353508888286 -0.23809316444523196 0.0 0.0
0.9906842234614568 -0.24278543898794777 0.0 0.0
0.9998163794514344 -0.2475221351326493 0.0 0.0
1.00893166034971 -0.25230320002722373 0.0 0.0
1.0180299078037867 -0.2571285803192899 0.0 0.0
1.0271109636191984 -0.26199822215664337 0.0 0.0
1.0361746697609864 -0.26691207118770544 0.0 0.0
1.0452208683551747 -0.2718700725619769 0.0 0.0
1.0542494016902428 -0.2768721709304952 0.0 0.0
1.063260112218598 -0.28191831044629634 0.0 0.0
1.0722528425580475 -0.2870084347648811 0.0 0.0
1.081227435493267 -0.2921424870446846 0.0 0.0
1.0901837339772689 -0.29732040994755093 0.0 0.0
1.099121581132871 -0.30254214563921145 0.0 0.0
1.1080408202541612 -0.3078076357897673 0.0 0.0
1.1169412948079616 -0.3131168215741757 0.0 0.0
1.1258228484352928 -0.3184696436727422 0.0 0.0
1.134685324952835 -0.3238660422716142 0.0 0.0
1.1435285683543883 -0.32930595706328053 0.0 0.0
1.1523524228123316 -0.33478932724707505 0.0 0.0
1.1611567326790813 -0.340316091529684 0.0 0.0
1.1699413424885465 -0.34588618812565725 0.0 0.0
1.1787060969575838 -0.3514995547579242 0.0 0.0
1.1874508409874516 -0.35715612865831375 0.0 0.0
1.196175419665261 -0.3628558465680779 0.0 0.0
1.2048796782654276 -0.3685986447384201 0.0 0.0
1.2135634622511187 -0.37438445893102673 0.0 0.0
1.222226617275703 -0.3802132244186047 0.0 0.0
1.2308689891841953 -0.38608487598542013 0.0 0.0
1.2394904240147016 -0.3919993479278444 0.0 0.0
1.2480907679998623 -0.3979565740549014 0.0 0.0
1.2566698675682932 -0.403956487688821 0.0 0.0
1.2652275693460266 -0.4099990216655955 0.0 0.0
1.2737637201579493 -0.41608410833554055 0.0 0.0
1.282278167029239 -0.42221167956385997 0.0 0.0
1.2907707571868008 -0.4283816667312146 0.0 0.0
1.2992413380607004 -0.43459400073429555 0.0 0.0
1.307689757285597 -0.4408486119864015 0.0 0.0
1.3161158627021727 -0.4471454304180191 0.0 0.0
1.3245195023585636 -0.4534843854774092 0.0 0.0
1.3329005245117846 -0.45986540613119536 0.0 0.0
1.3412587776291582 -0.46628842086495764 0.0 0.0
1.3495941103897366 -0.4727533576838299 0.0 0.0
1.357906371685725 -0.4792601441131007 0.0 0.0
1.3661954106239018 -0.4858087071988196 0.0 0.0
1.3744610765270393 -0.4923989735084062 0.0 0.0
1.38270321893532 -0.4990308691312633 0.0 0.0
1.390921687607753 -0.5057043196793953 0.0 0.0
1.3991163325235876 -0.5124192502880289 0.0 0.0
1.4072870038837262 -0.5191755856162394 0.0 0.0
1.4154335521121348 -0.5259732498475796 0.0 0.0
1.4235558278572524 -0.5328121666907136 0.0 0.0
1.4316536819933974 -0.5396922593800549 0.0 0.0
1.4397269656221736 -0.5466134506764071 0.0 0.0
1.4477755300738737 -0.5535756628676102 0.0 0.0
1.4557992269088817 -0.5605788177691895 0.0 0.0
1.4637979079190724 -0.5676228367250096 0.0 0.0
1.4717714251292096 -0.574707640607932 0.0 0.0
1.4797196307983427 -0.5818331498204761 0.0 0.0
1.4876423774212024 -0.5889992842954846 0.0 0.0
1.4955395177295918 -0.596205963496794 0.0 0.0
1.5034109046937787 -0.603453106419906 0.0 0.0
1.511256391523884 -0.6107406315926668 0.0 0.0
1.5190758316712694 -0.6180684570759468 0.0 0.0
1.5268690788299226 -0.6254365004643271 0.0 0.0
1.5346359869378403 -0.6328446788867875 0.0 0.0
1.5423764101784108 -0.6402929090073999 0.0 0.0
1.5500902029817927 -0.6477811070260262 0.0 0.0
1.5577772200262938 -0.6553091886790173 0.0 0.0
1.5654373162397446 -0.6628770692399201 0.0 0.0
1.573070346800875 -0.6704846635201841 0.0 0.0
1.5806761671406846 -0.6781318858698756 0.0 0.0
1.5882546329438127 -0.6858186501783939 0.0 0.0
1.5958056001499068 -0.6935448698751909 0.0 0.0
1.603328924954988 -0.7013104579304967 0.0 0.0
1.6108244638128149 -0.7091153268560463 0.0 0.0
1.6182920734362467 -0.716959388705813 0.0 0.0
1.6257316107986022 -0.7248425550767438 0.0 0.0
1.6331429331350171 -0.7327647371094987 0.0 0.0
1.6405258979438015 -0.7407258454891958 0.0 0.0
1.6478803629877923 -0.748725790446157 0.0 0.0
1.6552061862957053 -0.7567644817566604 0.0 0.0
1.662503226163486 -0.7648418287436961 0.0 0.0
1.6697713411556552 -0.7729577402777236 0.0 0.0
1.6770103901066564 -0.7811121247774361 0.0 0.0
1.6842202321221975 -0.7893048902105267 0.0 0.0
1.691400726580594 -0.797535944094459 0.0 0.0
1.6985517331341056 -0.8058051934972414 0.0 0.0
1.7056731117102764 -0.8141125450382052 0.0 0.0
1.712764722513267 -0.8224579048887866 0.0 0.0
1.7198264260251883 -0.8308411787733129 0.0 0.0
1.7268580830074325 -0.839262271969791 0.0 0.0
1.7338595545020006 -0.8477210893107026 0.0 0.0
1.7408307018328288 -0.8562175351837991 0.0 0.0
1.7477713866071134 -0.8647515135329038 0.0 0.0
1.754681470716631 -0.8733229278587167 0.0 0.0
1.7615608163390586 -0.8819316812196221 0.0 0.0
1.7684092859392924 -0.8905776762325016 0.0 0.0
1.77522674227076 -0.8992608150735498 0.0 0.0
1.7820130483767358 -0.9079809994790935 0.0 0.0
0.0 0.0 0.0 1.0
0.009999987662997036 -1.570795680830879e-05 0.0 1.0
0.019999901304037164 -6.283174971759127e-05 0.0 1.0
0.029999666901467877 -0.00014137114618120267 0.0 1.0
0.03999921043424549 -0.00025132575862235807 0.0 1.0
0.049998457882239486 -0.00039269504443556675 0.0 1.0
0.05999733522653699 -0.0005654783059886404 0.0 1.0
0.0699957684497471 -0.0007696746906252756 0.0 1.0
0.07999368353630529 -0.0010052831906682087 0.0 1.0
0.08999100647277782 -0.001272302643422946 0.0 1.0
0.09998766324816606 -0.0015707317311820677 0.0 1.0
0.1099835798542109 -0.0019005689812301026 0.0 1.0
0.11997868228569707 -0.002261812765848981 0.0 1.0
0.12997289654075755 -0.0026544613023240593 0.0 1.0
0.1399661486211778 -0.0030785126529507155 0.0 1.0
0.1499583645327001 -0.003533964725041522 0.0 1.0
0.159949470285328 -0.004020815270933997 0.0 1.0
0.16993939189363047 -0.004539061887998909 0.0 1.0
0.17992805537704618 -0.005088702018649184 0.0 1.0
0.18991538676018782 -0.005669732950349368 0.0 1.0
0.19990131207314632 -0.006282151815625659 0.0 1.0
0.20988575735179502 -0.006925955592076525 0.0 1.0
0.21986864863809405 -0.0076011411023839 0.0 1.0
0.22984991198039423 -0.008307705014324923 0.0 1.0
0.2398294734337414 -0.00904564384078429 0.0 1.0
0.24980725906018073 -0.009814953939767153 0.0 1.0
0.25978319492906043 -0.0106156315144126 0.0 1.0
0.26975720711733614 -0.011447672613007708 0.0 1.0
0.27972922170987496 -0.012311073129002176 0.0 1.0
0.2896991647997592 -0.013205828801023502 0.0 1.0
0.299666962488591 -0.014131935212892797 0.0 1.0
0.30963254088679554 -0.015089387793641088 0.0 1.0
0.3195958261139256 -0.01607818181752626 0.0 1.0
0.32955674429896514 -0.017098312404050537 0.0 1.0
0.33951522158063335 -0.018149774517978563 0.0 1.0
0.3494711841076883 -0.019232562969356014 0.0 1.0
0.359424558039231 -0.020346672413528825 0.0 1.0
0.3693752695450091 -0.02149209735116299 0.0 1.0
0.3793232448057205 -0.022668832128264864 0.0 1.0
0.3892684100133171 -0.023876870936202152 0.0 1.0
0.39921069137130866 -0.02511620781172535 0.0 1.0
0.4091500150950661 -0.026386836636989888 0.0 1.0
0.4190863074121254 -0.027688751139578693 0.0 1.0
0.429019494562491 -0.029021944892525506 0.0 1.0
0.43894950279893913 -0.03038641131433855 0.0 1.0
0.44887625838732154 -0.031782143669025 0.0 1.0
0.4587996876068689 -0.03320913506611588 0.0 1.0
0.46871971675049384 -0.03466737846069152 0.0 1.0
0.4786362721250947 -0.036156866653407706 0.0 1.0
0.4885492800518584 -0.0376775922905223 0.0 1.0
0.498458666866564 -0.03922954786392247 0.0 1.0
0.5083643589198856 -0.040812725711152444 0.0 1.0
0.5182662825776956 -0.042427118015441925 0.0 1.0
0.5281643642213676 -0.044072716805735004 0.0 1.0
0.5380585302480799 -0.04574951395671966 0.0 1.0
0.5479487070711178 -0.047457501188857866 0.0 1.0
0.5578348211201767 -0.04919667006841619 0.0 1.0
0.5677167988416651 -0.050967012007497065 0.0 1.0
0.5775945666990077 -0.052768518264070544 0.0 1.0
0.5874680511729472 -0.054601179942006715 0.0 1.0
0.597337178761848 -0.056464987991108585 0.0 1.0
0.6072018759819978 -0.05835993320714556 0.0 1.0
0.6170620693679112 -0.06028600623188758 0.0 1.0
0.6269176854726312 -0.062243197553139756 0.0 1.0
0.6367686508680321 -0.06423149750477754 0.0 1.0
0.6466148921451222 -0.06625089626678253 0.0 1.0
0.6564563359143454 -0.06830138386527887 0.0 1.0
0.6662929088058837 -0.07038295017257011 0.0 1.0
0.6761245374699593 -0.07249558490717674 0.0 1.0
0.685951148577137 -0.07463927763387423 0.0 1.0
0.6957726688186259 -0.0768140177637317 0.0 1.0
0.7055890249065809 -0.07901979455415102 0.0 1.0
0.7154001435744061 -0.0812565971089068 0.0 1.0
0.7252059515770544 -0.0835244143781865 0.0 1.0
0.7350063756913311 -0.08582323515863141 0.0 1.0
0.7448013427161947 -0.08815304809337823 0.0 1.0
0.7545907794730584 -0.090513841672101 0.0 1.0
0.7643746128060919 -0.09290560423105376 0.0 1.0
0.7741527695825225 -0.09532832395311377 0.0 1.0
0.783925176692937 -0.09778198886782516 0.0 1.0
0.7936917610515823 -0.1002665868514434 0.0 1.0
0.8034524495966668 -0.10278210562698006 0.0 1.0
0.8132071692906616 -0.10532853276424835 0.0 1.0
0.8229558471206014 -0.10790585567990907 0.0 1.0
0.8326984100983855 -0.11051406163751727 0.0 1.0
0.8424347852610786 -0.11315313774756948 0.0 1.0
0.8521648996712112 -0.11582307096755123 0.0 1.0
0.8618886804170811 -0.11852384810198548 0.0 1.0
0.8716060546130531 -0.12125545580248151 0.0 1.0
0.8813169493998596 -0.12401788056778425 0.0 1.0
0.8910212919449018 -0.12681110874382437 0.0 1.0
0.9007190094425489 -0.12963512652376888 0.0 1.0
0.9104100291144389 -0.132489919948072 0.0 1.0
0.9200942782097788 -0.13537547490452717 0.0 1.0
0.9297716840056441 -0.13829177712831914 0.0 1.0
0.9394421738072795 -0.14123881220207687 0.0 1.0
0.9491056749483975 -0.14421656555592677 0.0 1.0
0.9587621147914797 -0.14722502246754696 0.0 1.0
0.968411420728075 -0.15026416806222143 0.0 1.0
0.9780535201790997 -0.15333398731289538 0.0 1.0
0.9876883405951378 -0.15643446504023087 0.0 1.0
0.997315809456738 -0.15956558591266284 0.0 1.0
1.0069358542747155 -0.16272733444645604 0.0 1.0
1.0165484025904497 -0.1659196950057624 0.0 1.0
1.0261533819761828 -0.16914265180267893 0.0 1.0
1.0357507200353202 -0.1723961888973061 0.0 1.0
1.0453403444027283 -0.17568029019780693 0.0 1.0
1.0549221827450326 -0.17899493946046655 0.0 1.0
1.064496162760918 -0.1823401202897526 0.0 1.0
1.0740622121814254 -0.1857158161383756 0.0 1.0
1.0836202587702513 -0.1891220103073505 0.0 1.0
1.0931702303240458 -0.19255868594605846 0.0 1.0
1.10271205467271 -0.1960258260523092 0.0 1.0
1.1122456596796952 -0.1995234134724041 0.0 1.0
1.1217709732422994 -0.20305143090119956 0.0 1.0
1.1312879232919664 -0.20660986088217148 0.0 1.0
1.1407964377945825 -0.2101986858074793 0.0 1.0
1.1502964447507744 -0.21381788791803202 0.0 1.0
1.1597878721962074 -0.21746744930355327 0.0 1.0
1.1692706482018806 -0.22114735190264806 0.0 1.0
1.1787447008744265 -0.22485757750286953 0.0 1.0
1.1882099583564059 -0.22859810774078657 0.0 1.0
1.1976663488266066 -0.23236892410205165 0.0 1.0
1.2071138005003392 -0.2361700079214696 0.0 1.0
1.2165522416297343 -0.24000134038306672 0.0 1.0
1.225981600504038 -0.2438629025201603 0.0 1.0
1.23540180544991 -0.2477546752154293 0.0 1.0
1.244812784831718 -0.2516766392009846 0.0 1.0
1.254214467051836 -0.255628775058441 0.0 1.0
1.2636067805509381 -0.25961106321898875 0.0 1.0
1.2729896538082954 -0.26362348396346624 0.0 1.0
1.282363015342073 -0.267666017422433 0.0 1.0
1.2917267937096233 -0.2717386435762434 0.0 1.0
1.3010809175077827 -0.27584134225512064 0.0 1.0
1.3104253153731673 -0.2799740931392317 0.0 1.0
1.3197599159824676 -0.2841368757587627 0.0 1.0
1.3290846480527432 -0.2883296694939943 0.0 1.0
1.3383994403417188 -0.29255245357537885 0.0 1.0
1.3477042216480781 -0.29680520708361646 0.0 1.0
1.3569989208117585 -0.3010879089497334 0.0 1.0
1.3662834667142465 -0.30540053795515965 0.0 1.0
1.3755577882788705 -0.30974307273180735 0.0 1.0
1.384821814471097 -0.31411549176215087 0.0 1.0
1.3940754742988233 -0.31851777337930565 0.0 1.0
1.403318696812671 -0.3229498957671088 0.0 1.0
1.4125514111062816 -0.3274118369602003 0.0 1.0
1.4217735463166081 -0.3319035748441038 0.0 1.0
1.4309850316242105 -0.336425087155309 0.0 1.0
1.4401857962535471 -0.340976351481354 0.0 1.0
1.4493757694732698 -0.3455573452609088 0.0 1.0
1.4585548805965147 -0.3501680457838581 0.0 1.0
1.4677230589811976 -0.3548084301913862 0.0 1.0
1.4768802340303044 -0.3594784754760615 0.0 1.0
1.4860263351921852 -0.36417815848192164 0.0 1.0
1.4951612919608457 -0.3689074559045596 0.0 1.0
1.5042850338762408 -0.37366634429120993 0.0 1.0
1.513397490524565 -0.3784548000408356 0.0 1.0
1.5224985915385458 -0.38327279940421577 0.0 1.0
1.5315882665977343 -0.3881203184840336 0.0 1.0
1.5406664454287977 -0.39299733323496505 0.0 1.0
1.5497330578058097 -0.3979038194637677 0.0 1.0
1.558788033550544 -0.40283975282937073 0.0 1.0
1.5678313025327621 -0.40780510884296534 0.0 1.0
1.5768627946705074 -0.4127998628680949 0.0 1.0
1.5858824399303935 -0.4178239901207468 0.0 1.0
1.594890168327897 -0.4228774656694445 0.0 1.0
1.6038859099276466 -0.4279602644353394 0.0 1.0
1.6128695948437128 -0.4330723611923043 0.0 1.0
1.6218411532399 -0.4382137305670267 0.0 1.0
1.6308005153300351 -0.4433843470391033 0.0 1.0
1.6397476113782568 -0.44858418494113383 0.0 1.0
1.6486823716993062 -0.45381321845881706 0.0 1.0
1.6576047266588168 -0.459071421631046 0.0 1.0
1.666514606673601 -0.46435876835000434 0.0 1.0
1.6754119422119425 -0.4696752323612636 0.0 1.0
1.6842966637938828 -0.47502078726388 0.0 1.0
1.6931687019915111 -0.4803954065104924 0.0 1.0
1.7020279874292528 -0.4857990634074213 0.0 1.0
1.7108744507841565 -0.49123173111476737 0.0 1.0
1.719708022786184 -0.49669338264651103 0.0 1.0
1.7285286342184976 -0.5021839908706126 0.0 1.0
1.737336215917747 -0.5077035285091132 0.0 1.0
1.7461306987743581 -0.5132519681382355 0.0 1.0
1.7549120137328198 -0.5188292821884859 0.0 1.0
1.7636800917919717 -0.5244354429447561 0.0 1.0
1.7724348640052907 -0.5300704225464269 0.0 1.0
1.7811762614811775 -0.5357341929874707 0.0 1.0
1.7899042153832445 -0.5414267261165561 0.0 1.0
1.7986186569306013 -0.547147993637151 0.0 1.0
1.8073195173981413 -0.5528979671076302 0.0 1.0
1.8160067281168273 -0.5586766179413777 0.0 1.0
1.8246802204739783 -0.564483917406895 0.0 1.0
1.8333399259135543 -0.570319836627907 0.0 1.0
1.8419857759364429 -0.5761843465834694 0.0 1.0
1.8506177021007435 -0.5820774181080759 0.0 1.0
1.8592356360220523 -0.5879990218917666 0.0 1.0
1.867839509373749 -0.593949128480237 0.0 1.0
1.8764292538872789 -0.5999277082749471 0.0 1.0
1.8850048013524396 -0.6059347315332314 0.0 1.0
1.8935660836176649 -0.611970168368409 0.0 1.0
1.902113032590307 -0.6180339887498948 0.0 1.0
0.0 0.0 0.0 2.0
0.009999996915748783 -7.853980826519386e-06 0.0 2.0
0.01999997532599407 -3.141591361661758e-05 0.0 2.0
0.02999991672525139 -7.068576930192363e-05 0.0 2.0
0.03999980260807433 -0.00012566349943518253 0.0 2.0
0.04999961446907353 -0.00019634903619030004 0.0 2.0
0.059999333802935755 -0.00028274229236240533 0.0 2.0
0.06999894210444291 -0.00038484316136793204 0.0 2.0
0.07999842086849097 -0.0005026515172447161 0.0 2.0
0.08999775159010918 -0.0006361672146521133 0.0 2.0
0.09999691576447897 -0.0007853900888711335 0.0 2.0
0.10999589488695294 -0.0009503199558045919 0.0 2.0
0.11999467045307398 -0.0011309566119772807 0.0 2.0
0.12999322395859425 -0.001327299834536158 0.0 2.0
0.1399915368994942 -0.0015393493812505513 0.0 2.0
0.14998959077200158 -0.0017671049905123837 0.0 2.0
0.15998736707261058 -0.0020105663813364174 0.0 2.0
0.16998484729810065 -0.002269733253360509 0.0 2.0
0.17998201294555563 -0.002544605286845892 0.0 2.0
0.1899788455123829 -0.0028351821426774713 0.0 2.0
0.19997532649633212 -0.0031414634623641354 0.0 2.0
0.20997143739551452 -0.0034634488680390886 0.0 2.0
0.2199671597084218 -0.0038011379624602053 0.0 2.0
0.22996247493394512 -0.004154530329010388 0.0 2.0
0.23995736457139413 -0.004523625531697962 0.0 2.0
0.2499518101205162 -0.004908423115157075 0.0 2.0
0.2599457930815151 -0.005308922604648119 0.0 2.0
0.26993929495507024 -0.005725123506058165 0.0 2.0
0.2799322972423556 -0.006157025305901431 0.0 2.0
0.28992478144505873 -0.006604627471319743 0.0 2.0
0.2999167290654002 -0.007067929450083044 0.0 2.0
0.3099081216061517 -0.007546930670589894 0.0 2.0
0.319898940570656 -0.008041630541867994 0.0 2.0
0.3298891674628454 -0.008552028453574749 0.0 2.0
0.33987878378726094 -0.009078123775997819 0.0 2.0
0.3498677710490714 -0.009619915860055712 0.0 2.0
0.35985611075409235 -0.010177404037298369 0.0 2.0
0.36984378440880505 -0.010750587619907812 0.0 2.0
0.37983077352037564 -0.011339465900698736 0.0 2.0
0.3898170595966739 -0.011944038153119212 0.0 2.0
0.39980262414629264 -0.012564303631251317 0.0 2.0
0.40978744867856626 -0.01320026156981186 0.0 2.0
0.41977151470359003 -0.01385191118415305 0.0 2.0
0.42975480373223934 -0.01451925167026328 0.0 2.0
0.4397372972761881 -0.0152022822047678 0.0 2.0
0.44971897684792816 -0.015901001944929535 0.0 2.0
0.45969982396078846 -0.016615410028649847 0.0 2.0
0.4696798201289535 -0.017345505574469313 0.0 2.0
0.4796589468674828 -0.01809128768156858 0.0 2.0
0.48963718569233006 -0.018852755429769157 0.0 2.0
0.49961451812036145 -0.019629907879534305 0.0 2.0
0.5095909256693754 -0.02042274407196987 0.0 2.0
0.5195663898581209 -0.0212312630288252 0.0 2.0
0.5295408922063172 -0.02205546375249403 0.0 2.0
0.5395144142346723 -0.022895345226015416 0.0 2.0
0.5494869374649023 -0.02375090641307468 0.0 2.0
0.5594584434197499 -0.02462214625800435 0.0 2.0
0.5694289136230041 -0.025509063685785153 0.0 2.0
0.5793983295995184 -0.026411657602047004 0.0 2.0
0.5893666728752309 -0.027329926893070036 0.0 2.0
0.599333924977182 -0.028263870425785594 0.0 2.0
0.6093000674335342 -0.029213487047777313 0.0 2.0
0.6192650817735911 -0.030178775587282176 0.0 2.0
0.6292289495278159 -0.031159734853191595 0.0 2.0
0.6391916522278512 -0.03215636363505252 0.0 2.0
0.6491531714065369 -0.03316866070306855 0.0 2.0
0.6591134885979303 -0.034196624808101074 0.0 2.0
0.6690725853373243 -0.03524025468167045 0.0 2.0
0.6790304431612667 -0.03629954903595713 0.0 2.0
0.6889870436075792 -0.03737450656380289 0.0 2.0
0.6989423682153766 -0.03846512593871203 0.0 2.0
0.708896398525085 -0.03957140581485259 0.0 2.0
0.718849116078462 -0.04069334482705765 0.0 2.0
0.7288005024186145 -0.04183094159082651 0.0 2.0
0.7387505390900182 -0.04298419470232598 0.0 2.0
0.7486992076385369 -0.04415310273839178 0.0 2.0
0.758646489611441 -0.04533766425652973 0.0 2.0
0.7685923665574265 -0.04653787779491718 0.0 2.0
0.7785368200266342 -0.047753741872404304 0.0 2.0
0.7884798315706688 -0.04898525498851547 0.0 2.0
0.7984213827426173 -0.0502324156234507 0.0 2.0
0.8083614550970686 -0.051495222238086995 0.0 2.0
0.8183000301901322 -0.052773673273979776 0.0 2.0
0.8282370895794571 -0.05406776715336436 0.0 2.0
0.8381726148242508 -0.05537750227915739 0.0 2.0
0.8481065874852985 -0.056702877034958354 0.0 2.0
0.858038989124982 -0.05804388978505101 0.0 2.0
0.867969801307298 -0.05940053887440493 0.0 2.0
0.8778990055978783 -0.0607728226286771 0.0 2.0
0.8878265835640075 -0.062160739354213346 0.0 2.0
0.8977525167746431 -0.06356428733805 0.0 2.0
0.9076767868004336 -0.06498346484791545 0.0 2.0
0.9175993752137378 -0.06641827013223175 0.0 2.0
0.9275202635886438 -0.0678687014201162 0.0 2.0
0.9374394335009877 -0.06933475692138304 0.0 2.0
0.9473568665283731 -0.0708164348265451 0.0 2.0
0.9572725442501894 -0.07231373330681541 0.0 2.0
0.967186448247631 -0.07382665051410904 0.0 2.0
0.9770985601037168 -0.0753551845810446 0.0 2.0
0.987008861403308 -0.07689933362094618 0.0 2.0
0.996917333733128 -0.07845909572784494 0.0 2.0
1.006823958681781 -0.08003446897648094 0.0 2.0
1.0167287178397713 -0.08162545142230489 0.0 2.0
1.026631592799521 -0.08323204110148003 0.0 2.0
1.0365325651553912 -0.08485423603088385 0.0 2.0
1.0464316165036984 -0.08649203420811 0.0 2.0
1.0563287284427352 -0.08814543361147001 0.0 2.0
1.066223882572789 -0.08981443219999541 0.0 2.0
1.0761170604961598 -0.09149902791343932 0.0 2.0
1.0860082438171805 -0.09319921867227864 0.0 2.0
1.0958974141422355 -0.09491500237771573 0.0 2.0
1.1057845530797785 -0.0966463769116805 0.0 2.0
1.1156696422403534 -0.09839334013683237 0.0 2.0
1.125552663236611 -0.10015588989656216 0.0 2.0
1.1354335976833303 -0.10193402401499413 0.0 2.0
1.1453124271974355 -0.10372774029698804 0.0 2.0
1.1551891333980153 -0.10553703652814109 0.0 2.0
1.1650636979063431 -0.10736191047479011 0.0 2.0
1.1749361023458944 -0.10920235988401343 0.0 2.0
1.1848063283423662 -0.11105838248363319 0.0 2.0
1.194674357523696 -0.11292997598221717 0.0 2.0
1.2045401715200807 -0.11481713806908121 0.0 2.0
1.2144037519639956 -0.11671986641429112 0.0 2.0
1.2242650804902135 -0.11863815866866495 0.0 2.0
1.2341241387358224 -0.12057201246377516 0.0 2.0
1.2439809083402462 -0.12252142541195075 0.0 2.0
1.2538353709452623 -0.12448639510627951 0.0 2.0
1.263687508195021 -0.12646691912061025 0.0 2.0
1.2735373017360643 -0.12846299500955508 0.0 2.0
1.2833847332173447 -0.13047462030849152 0.0 2.0
1.2932297842902445 -0.13250179253356506 0.0 2.0
1.303072436608594 -0.13454450918169117 0.0 2.0
1.3129126718286908 -0.13660276773055774 0.0 2.0
1.322750471609319 -0.1386765656386275 0.0 2.0
1.3325858176117673 -0.14076590034514022 0.0 2.0
1.3424186914998486 -0.1428707692701152 0.0 2.0
1.3522490749399185 -0.14499116981435348 0.0 2.0
1.3620769496008944 -0.14712709935944057 0.0 2.0
1.371902297154274 -0.14927855526774847 0.0 2.0
1.3817250992741548 -0.15144553488243848 0.0 2.0
1.3915453376372517 -0.1536280355274634 0.0 2.0
1.4013629939229177 -0.15582605450757006 0.0 2.0
1.4111780498131619 -0.15803958910830204 0.0 2.0
1.4209904869926677 -0.16026863659600185 0.0 2.0
1.4308002871488121 -0.1625131942178136 0.0 2.0
1.4406074319716855 -0.16477325920168565 0.0 2.0
1.4504119031541087 -0.167048828756373 0.0 2.0
1.460213682391654 -0.16933990007143998 0.0 2.0
1.4700127513826622 -0.17164647031726282 0.0 2.0
1.4798090918282623 -0.1739685366450323 0.0 2.0
1.4896026854323894 -0.17630609618675647 0.0 2.0
1.4993935139018055 -0.17865914605526292 0.0 2.0
1.5091815589461168 -0.181027683344202 0.0 2.0
1.5189668022777922 -0.18341170512804908 0.0 2.0
1.5287492256121837 -0.18581120846210752 0.0 2.0
1.5385288106675437 -0.1882261903825113 0.0 2.0
1.548305539165045 -0.19065664790622755 0.0 2.0
1.5580793928287988 -0.1931025780310598 0.0 2.0
1.567850353385874 -0.19556397773565032 0.0 2.0
1.5776184025663158 -0.19804084397948318 0.0 2.0
1.5873835221031647 -0.2005331737028868 0.0 2.0
1.5971456937324746 -0.2030409638270371 0.0 2.0
1.6069048991933337 -0.20556421125396013 0.0 2.0
1.61666112022788 -0.208102912866535 0.0 2.0
1.6264143385813232 -0.2106570655284967 0.0 2.0
1.6361645360019619 -0.2132266660844392 0.0 2.0
1.6459116942412029 -0.21581171135981814 0.0 2.0
1.6556557950535793 -0.21841219816095392 0.0 2.0
1.665396820196771 -0.22102812327503454 0.0 2.0
1.6751347514316213 -0.2236594834701188 0.0 2.0
1.6848695705221572 -0.22630627549513896 0.0 2.0
1.6946012592356074 -0.228968496079904 0.0 2.0
1.7043297993424225 -0.23164614193510247 0.0 2.0
1.7140551726162914 -0.2343392097523058 0.0 2.0
1.7237773608341622 -0.23704769620397095 0.0 2.0
1.7334963457762602 -0.23977159794344405 0.0 2.0
1.7432121092261061 -0.24251091160496302 0.0 2.0
1.7529246329705361 -0.24526563380366073 0.0 2.0
1.7626338987997192 -0.2480357611355685 0.0 2.0
1.7723398885071777 -0.25082129017761884 0.0 2.0
1.7820425838898035 -0.25362221748764874 0.0 2.0
1.79174196674788 -0.25643853960440316 0.0 2.0
1.8014380188850978 -0.25927025304753776 0.0 2.0
1.8111307221085755 -0.26211735431762223 0.0 2.0
1.8208200582288778 -0.264979839896144 0.0 2.0
1.8305060090600342 -0.26785770624551075 0.0 2.0
1.8401885564195577 -0.27075094980905434 0.0 2.0
1.8498676821284634 -0.2736595670110337 0.0 2.0
1.8595433680112883 -0.2765835542566383 0.0 2.0
1.8692155958961083 -0.27952290793199147 0.0 2.0
1.878884347614559 -0.28247762440415375 0.0 2.0
1.8885496050018518 -0.2854477000211261 0.0 2.0
1.898211349896795 -0.28843313111185354 0.0 2.0
1.9078695641418117 -0.2914339139862285 0.0 2.0
1.9175242295829593 -0.2944500449350939 0.0 2.0
1.927175328069945 -0.297481520230247 0.0 2.0
1.93682284145615 -0.30052833612444285 0.0 2.0
1.946466751598642 -0.3035904888513973 0.0 2.0
1.9561070403581995 -0.30666797462579076 0.0 2.0
1.9657436895993274 -0.3097607896432722 0.0 2.0
1.9753766811902755 -0.31286893008046174 0.0 2.0
0.0 0.0 0.0 3.0
0.01 0.0 0.0 3.0
0.02 0.0 0.0 3.0
0.03 0.0 0.0 3.0
0.04 0.0 0.0 3.0
0.05 0.0 0.0 3.0
0.06 0.0 0.0 3.0
0.07 0.0 0.0 3.0
0.08 0.0 0.0 3.0
0.09 0.0 0.0 3.0
0.1 0.0 0.0 3.0
0.11 0.0 0.0 3.0
0.12 0.0 0.0 3.0
0.13 0.0 0.0 3.0
0.14 0.0 0.0 3.0
0.15 0.0 0.0 3.0
0.16 0.0 0.0 3.0
0.17 0.0 0.0 3.0
0.18 0.0 0.0 3.0
0.19 0.0 0.0 3.0
0.2 0.0 0.0 3.0
0.21 0.0 0.0 3.0
0.22 0.0 0.0 3.0
0.23 0.0 0.0 3.0
0.24 0.0 0.0 3.0
0.25 0.0 0.0 3.0
0.26 0.0 0.0 3.0
0.27 0.0 0.0 3.0
0.28 0.0 0.0 3.0
0.29 0.0 0.0 3.0
0.3 0.0 0.0 3.0
0.31 0.0 0.0 3.0
0.32 0.0 0.0 3.0
0.33 0.0 0.0 3.0
0.34 0.0 0.0 3.0
0.35000000000000003 0.0 0.0 3.0
0.36 0.0 0.0 3.0
0.37 0.0 0.0 3.0
0.38 0.0 0.0 3.0
0.39 0.0 0.0 3.0
0.4 0.0 0.0 3.0
0.41000000000000003 0.0 0.0 3.0
0.42 0.0 0.0 3.0
0.43 0.0 0.0 3.0
0.44 0.0 0.0 3.0
0.45 0.0 0.0 3.0
0.46 0.0 0.0 3.0
0.47000000000000003 0.0 0.0 3.0
0.48 0.0 0.0 3.0
0.49 0.0 0.0 3.0
0.5 0.0 0.0 3.0
0.51 0.0 0.0 3.0
0.52 0.0 0.0 3.0
0.53 0.0 0.0 3.0
0.54 0.0 0.0 3.0
0.55 0.0 0.0 3.0
0.56 0.0 0.0 3.0
0.5700000000000001 0.0 0.0 3.0
0.58 0.0 0.0 3.0
0.59 0.0 0.0 3.0
0.6 0.0 0.0 3.0
0.61 0.0 0.0 3.0
0.62 0.0 0.0 3.0
0.63 0.0 0.0 3.0
0.64 0.0 0.0 3.0
0.65 0.0 0.0 3.0
0.66 0.0 0.0 3.0
0.67 0.0 0.0 3.0
0.68 0.0 0.0 3.0
0.6900000000000001 0.0 0.0 3.0
0.7000000000000001 0.0 0.0 3.0
0.71 0.0 0.0 3.0
0.72 0.0 0.0 3.0
0.73 0.0 0.0 3.0
0.74 0.0 0.0 3.0
0.75 0.0 0.0 3.0
0.76 0.0 0.0 3.0
0.77 0.0 0.0 3.0
0.78 0.0 0.0 3.0
0.79 0.0 0.0 3.0
0.8 0.0 0.0 3.0
0.81 0.0 0.0 3.0
0.8200000000000001 0.0 0.0 3.0
0.8300000000000001 0.0 0.0 3.0
0.84 0.0 0.0 3.0
0.85 0.0 0.0 3.0
0.86 0.0 0.0 3.0
0.87 0.0 0.0 3.0
0.88 0.0 0.0 3.0
0.89 0.0 0.0 3.0
0.9 0.0 0.0 3.0
0.91 0.0 0.0 3.0
0.92 0.0 0.0 3.0
0.93 0.0 0.0 3.0
0.9400000000000001 0.0 0.0 3.0
0.9500000000000001 0.0 0.0 3.0
0.96 0.0 0.0 3.0
0.97 0.0 0.0 3.0
0.98 0.0 0.0 3.0
0.99 0.0 0.0 3.0
1.0 0.0 0.0 3.0
1.01 0.0 0.0 3.0
1.02 0.0 0.0 3.0
1.03 0.0 0.0 3.0
1.04 0.0 0.0 3.0
1.05 0.0 0.0 3.0
1.06 0.0 0.0 3.0
1.07 0.0 0.0 3.0
1.08 0.0 0.0 3.0
1.09 0.0 0.0 3.0
1.1 0.0 0.0 3.0
1.11 0.0 0.0 3.0
1.12 0.0 0.0 3.0
1.1300000000000001 0.0 0.0 3.0
1.1400000000000001 0.0 0.0 3.0
1.1500000000000001 0.0 0.0 3.0
1.16 0.0 0.0 3.0
1.17 0.0 0.0 3.0
1.18 0.0 0.0 3.0
1.19 0.0 0.0 3.0
1.2 0.0 0.0 3.0
1.21 0.0 0.0 3.0
1.22 0.0 0.0 3.0
1.23 0.0 0.0 3.0
1.24 0.0 0.0 3.0
1.25 0.0 0.0 3.0
1.26 0.0 0.0 3.0
1.27 0.0 0.0 3.0
1.28 0.0 0.0 3.0
1.29 0.0 0.0 3.0
1.3 0.0 0.0 3.0
1.31 0.0 0.0 3.0
1.32 0.0 0.0 3.0
1.33 0.0 0.0 3.0
1.34 0.0 0.0 3.0
1.35 0.0 0.0 3.0
1.36 0.0 0.0 3.0
1.37 0.0 0.0 3.0
1.3800000000000001 0.0 0.0 3.0
1.3900000000000001 0.0 0.0 3.0
1.4000000000000001 0.0 0.0 3.0
1.41 0.0 0.0 3.0
1.42 0.0 0.0 3.0
1.43 0.0 0.0 3.0
1.44 0.0 0.0 3.0
1.45 0.0 0.0 3.0
1.46 0.0 0.0 3.0
1.47 0.0 0.0 3.0
1.48 0.0 0.0 3.0
1.49 0.0 0.0 3.0
1.5 0.0 0.0 3.0
1.51 0.0 0.0 3.0
1.52 0.0 0.0 3.0
1.53 0.0 0.0 3.0
1.54 0.0 0.0 3.0
1.55 0.0 0.0 3.0
1.56 0.0 0.0 3.0
1.57 0.0 0.0 3.0
1.58 0.0 0.0 3.0
1.59 0.0 0.0 3.0
1.6 0.0 0.0 3.0
1.61 0.0 0.0 3.0
1.62 0.0 0.0 3.0
1.6300000000000001 0.0 0.0 3.0
1.6400000000000001 0.0 0.0 3.0
1.6500000000000001 0.0 0.0 3.0
1.6600000000000001 0.0 0.0 3.0
1.67 0.0 0.0 3.0
1.68 0.0 0.0 3.0
1.69 0.0 0.0 3.0
1.7 0.0 0.0 3.0
1.71 0.0 0.0 3.0
1.72 0.0 0.0 3.0
1.73 0.0 0.0 3.0
1.74 0.0 0.0 3.0
1.75 0.0 0.0 3.0
1.76 0.0 0.0 3.0
1.77 0.0 0.0 3.0
1.78 0.0 0.0 3.0
1.79 0.0 0.0 3.0
1.8 0.0 0.0 3.0
1.81 0.0 0.0 3.0
1.82 0.0 0.0 3.0
1.83 0.0 0.0 3.0
1.84 0.0 0.0 3.0
1.85 0.0 0.0 3.0
1.86 0.0 0.0 3.0
1.87 0.0 0.0 3.0
1.8800000000000001 0.0 0.0 3.0
1.8900000000000001 0.0 0.0 3.0
1.9000000000000001 0.0 0.0 3.0
1.9100000000000001 0.0 0.0 3.0
1.92 0.0 0.0 3.0
1.93 0.0 0.0 3.0
1.94 0.0 0.0 3.0
1.95 0.0 0.0 3.0
1.96 0.0 0.0 3.0
1.97 0.0 0.0 3.0
1.98 0.0 0.0 3.0
1.99 0.0 0.0 3.0
2.0 0.0 0.0 3.0
0.0 0.0 0.0 4.0
0.009999996915748783 7.853980826519386e-06 0.0 4.0
0.01999997532599407 3.141591361661758e-05 0.0 4.0
0.02999991672525139 7.068576930192363e-05 0.0 4.0
0.03999980260807433 0.00012566349943518253 0.0 4.0
0.04999961446907353 0.00019634903619030004 0.0 4.0
0.059999333802935755 0.00028274229236240533 0.0 4.0
0.06999894210444291 0.00038484316136793204 0.0 4.0
0.07999842086849097 0.0005026515172447161 0.0 4.0
0.08999775159010918 0.0006361672146521133 0.0 4.0
0.09999691576447897 0.0007853900888711335 0.0 4.0
0.10999589488695294 0.0009503199558045919 0.0 4.0
0.11999467045307398 0.0011309566119772807 0.0 4.0
0.12999322395859425 0.001327299834536158 0.0 4.0
0.1399915368994942 0.0015393493812505513 0.0 4.0
0.14998959077200158 0.0017671049905123837 0.0 4.0
0.15998736707261058 0.0020105663813364174 0.0 4.0
0.16998484729810065 0.002269733253360509 0.0 4.0
0.17998201294555563 0.002544605286845892 0.0 4.0
0.1899788455123829 0.0028351821426774713 0.0 4.0
0.19997532649633212 0.0031414634623641354 0.0 4.0
0.20997143739551452 0.0034634488680390886 0.0 4.0
0.2199671597084218 0.0038011379624602053 0.0 4.0
0.22996247493394512 0.004154530329010388 0.0 4.0
0.23995736457139413 0.004523625531697962 0.0 4.0
0.2499518101205162 0.004908423115157075 0.0 4.0
0.2599457930815151 0.005308922604648119 0.0 4.0
0.26993929495507024 0.005725123506058165 0.0 4.0
0.2799322972423556 0.006157025305901431 0.0 4.0
0.28992478144505873 0.006604627471319743 0.0 4.0
0.2999167290654002 0.007067929450083044 0.0 4.0
0.3099081216061517 0.007546930670589894 0.0 4.0
0.319898940570656 0.008041630541867994 0.0 4.0
0.3298891674628454 0.008552028453574749 0.0 4.0
0.33987878378726094 0.009078123775997819 0.0 4.0
0.3498677710490714 0.009619915860055712 0.0 4.0
0.35985611075409235 0.010177404037298369 0.0 4.0
0.36984378440880505 0.010750587619907812 0.0 4.0
0.37983077352037564 0.011339465900698736 0.0 4.0
0.3898170595966739 0.011944038153119212 0.0 4.0
0.39980262414629264 0.012564303631251317 0.0 4.0
0.40978744867856626 0.01320026156981186 0.0 4.0
0.41977151470359003 0.01385191118415305 0.0 4.0
0.42975480373223934 0.01451925167026328 0.0 4.0
0.4397372972761881 0.0152022822047678 0.0 4.0
0.44971897684792816 0.015901001944929535 0.0 4.0
0.45969982396078846 0.016615410028649847 0.0 4.0
0.4696798201289535 0.017345505574469313 0.0 4.0
0.4796589468674828 0.01809128768156858 0.0 4.0
0.48963718569233006 0.018852755429769157 0.0 4.0
0.49961451812036145 0.019629907879534305 0.0 4.0
0.5095909256693754 0.02042274407196987 0.0 4.0
0.5195663898581209 0.0212312630288252 0.0 4.0
0.5295408922063172 0.02205546375249403 0.0 4.0
0.5395144142346723 0.022895345226015416 0.0 4.0
0.5494869374649023 0.02375090641307468 0.0 4.0
0.5594584434197499 0.02462214625800435 0.0 4.0
0.5694289136230041 0.025509063685785153 0.0 4.0
0.5793983295995184 0.026411657602047004 0.0 4.0
0.5893666728752309 0.027329926893070036 0.0 4.0
0.599333924977182 0.028263870425785594 0.0 4.0
0.6093000674335342 0.029213487047777313 0.0 4.0
0.6192650817735911 0.030178775587282176 0.0 4.0
0.6292289495278159 0.031159734853191595 0.0 4.0
0.6391916522278512 0.03215636363505252 0.0 4.0
0.6491531714065369 0.03316866070306855 0.0 4.0
0.6591134885979303 0.034196624808101074 0.0 4.0
0.6690725853373243 0.03524025468167045 0.0 4.0
0.6790304431612667 0.03629954903595713 0.0 4.0
0.6889870436075792 0.03737450656380289 0.0 4.0
0.6989423682153766 0.03846512593871203 0.0 4.0
0.708896398525085 0.03957140581485259 0.0 4.0
0.718849116078462 0.04069334482705765 0.0 4.0
0.7288005024186145 0.04183094159082651 0.0 4.0
0.7387505390900182 0.04298419470232598 0.0 4.0
0.7486992076385369 0.04415310273839178 0.0 4.0
0.758646489611441 0.04533766425652973 0.0 4.0
0.7685923665574265 0.04653787779491718 0.0 4.0
0.7785368200266342 0.047753741872404304 0.0 4.0
0.7884798315706688 0.04898525498851547 0.0 4.0
0.7984213827426173 0.0502324156234507 0.0 4.0
0.8083614550970686 0.051495222238086995 0.0 4.0
0.8183000301901322 0.052773673273979776 0.0 4.0
0.8282370895794571 0.05406776715336436 0.0 4.0
0.8381726148242508 0.05537750227915739 0.0 4.0
0.8481065874852985 0.056702877034958354 0.0 4.0
0.858038989124982 0.05804388978505101 0.0 4.0
0.867969801307298 0.05940053887440493 0.0 4.0
0.8778990055978783 0.0607728226286771 0.0 4.0
0.8878265835640075 0.062160739354213346 0.0 4.0
0.8977525167746431 0.06356428733805 0.0 4.0
0.9076767868004336 0.06498346484791545 0.0 4.0
0.9175993752137378 0.06641827013223175 0.0 4.0
0.9275202635886438 0.0678687014201162 0.0 4.0
0.9374394335009877 0.06933475692138304 0.0 4.0
0.9473568665283731 0.0708164348265451 0.0 4.0
0.9572725442501894 0.07231373330681541 0.0 4.0
0.967186448247631 0.07382665051410904 0.0 4.0
0.9770985601037168 0.0753551845810446 0.0 4.0
0.987008861403308 0.07689933362094618 0.0 4.0
0.996917333733128 0.07845909572784494 0.0 4.0
1.006823958681781 0.08003446897648094 0.0 4.0
1.0167287178397713 0.08162545142230489 0.0 4.0
1.026631592799521 0.08323204110148003 0.0 4.0
1.0365325651553912 0.08485423603088385 0.0 4.0
1.0464316165036984 0.08649203420811 0.0 4.0
1.0563287284427352 0.08814543361147001 0.0 4.0
1.066223882572789 0.08981443219999541 0.0 4.0
1.0761170604961598 0.09149902791343932 0.0 4.0
1.0860082438171805 0.09319921867227864 0.0 4.0
1.0958974141422355 0.09491500237771573 0.0 4.0
1.1057845530797785 0.0966463769116805 0.0 4.0
1.1156696422403534 0.09839334013683237 0.0 4.0
1.125552663236611 0.10015588989656216 0.0 4.0
1.1354335976833303 0.10193402401499413 0.0 4.0
1.1453124271974355 0.10372774029698804 0.0 4.0
1.1551891333980153 0.10553703652814109 0.0 4.0
1.1650636979063431 0.10736191047479011 0.0 4.0
1.1749361023458944 0.10920235988401343 0.0 4.0
1.1848063283423662 0.11105838248363319 0.0 4.0
1.194674357523696 0.11292997598221717 0.0 4.0
1.2045401715200807 0.11481713806908121 0.0 4.0
1.2144037519639956 0.11671986641429112 0.0 4.0
1.2242650804902135 0.11863815866866495 0.0 4.0
1.2341241387358224 0.12057201246377516 0.0 4.0
1.2439809083402462 0.12252142541195075 0.0 4.0
1.2538353709452623 0.12448639510627951 0.0 4.0
1.263687508195021 0.12646691912061025 0.0 4.0
1.2735373017360643 0.12846299500955508 0.0 4.0
1.2833847332173447 0.13047462030849152 0.0 4.0
1.2932297842902445 0.13250179253356506 0.0 4.0
1.303072436608594 0.13454450918169117 0.0 4.0
1.3129126718286908 0.13660276773055774 0.0 4.0
1.322750471609319 0.1386765656386275 0.0 4.0
1.3325858176117673 0.14076590034514022 0.0 4.0
1.3424186914998486 0.1428707692701152 0.0 4.0
1.3522490749399185 0.14499116981435348 0.0 4.0
1.3620769496008944 0.14712709935944057 0.0 4.0
1.371902297154274 0.14927855526774847 0.0 4.0
1.3817250992741548 0.15144553488243848 0.0 4.0
1.3915453376372517 0.1536280355274634 0.0 4.0
1.4013629939229177 0.15582605450757006 0.0 4.0
1.4111780498131619 0.15803958910830204 0.0 4.0
1.4209904869926677 0.16026863659600185 0.0 4.0
1.4308002871488121 0.1625131942178136 0.0 4.0
1.4406074319716855 0.16477325920168565 0.0 4.0
1.4504119031541087 0.167048828756373 0.0 4.0
1.460213682391654 0.16933990007143998 0.0 4.0
1.4700127513826622 0.17164647031726282 0.0 4.0
1.4798090918282623 0.1739685366450323 0.0 4.0
1.4896026854323894 0.17630609618675647 0.0 4.0
1.4993935139018055 0.17865914605526292 0.0 4.0
1.5091815589461168 0.181027683344202 0.0 4.0
1.5189668022777922 0.18341170512804908 0.0 4.0
1.5287492256121837 0.18581120846210752 0.0 4.0
1.5385288106675437 0.1882261903825113 0.0 4.0
1.548305539165045 0.19065664790622755 0.0 4.0
1.5580793928287988 0.1931025780310598 0.0 4.0
1.567850353385874 0.19556397773565032 0.0 4.0
1.5776184025663158 0.19804084397948318 0.0 4.0
1.5873835221031647 0.2005331737028868 0.0 4.0
1.5971456937324746 0.2030409638270371 0.0 4.0
1.6069048991933337 0.20556421125396013 0.0 4.0
1.61666112022788 0.208102912866535 0.0 4.0
1.6264143385813232 0.2106570655284967 0.0 4.0
1.6361645360019619 0.2132266660844392 0.0 4.0
1.6459116942412029 0.21581171135981814 0.0 4.0
1.6556557950535793 0.21841219816095392 0.0 4.0
1.665396820196771 0.22102812327503454 0.0 4.0
1.6751347514316213 0.2236594834701188 0.0 4.0
1.6848695705221572 0.22630627549513896 0.0 4.0
1.6946012592356074 0.228968496079904 0.0 4.0
1.7043297993424225 0.23164614193510247 0.0 4.0
1.7140551726162914 0.2343392097523058 0.0 4.0
1.7237773608341622 0.23704769620397095 0.0 4.0
1.7334963457762602 0.23977159794344405 0.0 4.0
1.7432121092261061 0.24251091160496302 0.0 4.0
1.7529246329705361 0.24526563380366073 0.0 4.0
1.7626338987997192 0.2480357611355685 0.0 4.0
1.7723398885071777 0.25082129017761884 0.0 4.0
1.7820425838898035 0.25362221748764874 0.0 4.0
1.79174196674788 0.25643853960440316 0.0 4.0
1.8014380188850978 0.25927025304753776 0.0 4.0
1.8111307221085755 0.26211735431762223 0.0 4.0
1.8208200582288778 0.264979839896144 0.0 4.0
1.8305060090600342 0.26785770624551075 0.0 4.0
1.8401885564195577 0.27075094980905434 0.0 4.0
1.8498676821284634 0.2736595670110337 0.0 4.0
1.8595433680112883 0.2765835542566383 0.0 4.0
1.8692155958961083 0.27952290793199147 0.0 4.0
1.878884347614559 0.28247762440415375 0.0 4.0
1.8885496050018518 0.2854477000211261 0.0 4.0
1.898211349896795 0.28843313111185354 0.0 4.0
1.9078695641418117 0.2914339139862285 0.0 4.0
1.9175242295829593 0.2944500449350939 0.0 4.0
1.927175328069945 0.297481520230247 0.0 4.0
1.93682284145615 0.30052833612444285 0.0 4.0
1.946466751598642 0.3035904888513973 0.0 4.0
1.9561070403581995 0.30666797462579076 0.0 4.0
1.9657436895993274 0.3097607896432722 0.0 4.0
1.9753766811902755 0.31286893008046174 0.0 4.0
0.0 0.0 0.0 5.0
0.009999987662997036 1.570795680830879e-05 0.0 5.0
0.019999901304037164 6.283174971759127e-05 0.0 5.0
0.029999666901467877 0.00014137114618120267 0.0 5.0
0.03999921043424549 0.00025132575862235807 0.0 5.0
0.049998457882239486 0.00039269504443556675 0.0 5.0
0.05999733522653699 0.0005654783059886404 0.0 5.0
0.0699957684497471 0.0007696746906252756 0.0 5.0
0.07999368353630529 0.0010052831906682087 0.0 5.0
0.08999100647277782 0.001272302643422946 0.0 5.0
0.09998766324816606 0.0015707317311820677 0.0 5.0
0.1099835798542109 0.0019005689812301026 0.0 5.0
0.11997868228569707 0.002261812765848981 0.0 5.0
0.12997289654075755 0.0026544613023240593 0.0 5.0
0.1399661486211778 0.0030785126529507155 0.0 5.0
0.1499583645327001 0.003533964725041522 0.0 5.0
0.159949470285328 0.004020815270933997 0.0 5.0
0.16993939189363047 0.004539061887998909 0.0 5.0
0.17992805537704618 0.005088702018649184 0.0 5.0
0.18991538676018782 0.005669732950349368 0.0 5.0
0.19990131207314632 0.006282151815625659 0.0 5.0
0.20988575735179502 0.006925955592076525 0.0 5.0
0.21986864863809405 0.0076011411023839 0.0 5.0
0.22984991198039423 0.008307705014324923 0.0 5.0
0.2398294734337414 0.00904564384078429 0.0 5.0
0.24980725906018073 0.009814953939767153 0.0 5.0
0.25978319492906043 0.0106156315144126 0.0 5.0
0.26975720711733614 0.011447672613007708 0.0 5.0
0.27972922170987496 0.012311073129002176 0.0 5.0
0.2896991647997592 0.013205828801023502 0.0 5.0
0.299666962488591 0.014131935212892797 0.0 5.0
0.30963254088679554 0.015089387793641088 0.0 5.0
0.3195958261139256 0.01607818181752626 0.0 5.0
0.32955674429896514 0.017098312404050537 0.0 5.0
0.33951522158063335 0.018149774517978563 0.0 5.0
0.3494711841076883 0.019232562969356014 0.0 5.0
0.359424558039231 0.020346672413528825 0.0 5.0
0.3693752695450091 0.02149209735116299 0.0 5.0
0.3793232448057205 0.022668832128264864 0.0 5.0
0.3892684100133171 0.023876870936202152 0.0 5.0
0.39921069137130866 0.02511620781172535 0.0 5.0
0.4091500150950661 0.026386836636989888 0.0 5.0
0.4190863074121254 0.027688751139578693 0.0 5.0
0.429019494562491 0.029021944892525506 0.0 5.0
0.43894950279893913 0.03038641131433855 0.0 5.0
0.44887625838732154 0.031782143669025 0.0 5.0
0.4587996876068689 0.03320913506611588 0.0 5.0
0.46871971675049384 0.03466737846069152 0.0 5.0
0.4786362721250947 0.036156866653407706 0.0 5.0
0.4885492800518584 0.0376775922905223 0.0 5.0
0.498458666866564 0.03922954786392247 0.0 5.0
0.5083643589198856 0.040812725711152444 0.0 5.0
0.5182662825776956 0.042427118015441925 0.0 5.0
0.5281643642213676 0.044072716805735004 0.0 5.0
0.5380585302480799 0.04574951395671966 0.0 5.0
0.5479487070711178 0.047457501188857866 0.0 5.0
0.5578348211201767 0.04919667006841619 0.0 5.0
0.5677167988416651 0.050967012007497065 0.0 5.0
0.5775945666990077 0.052768518264070544 0.0 5.0
0.5874680511729472 0.054601179942006715 0.0 5.0
0.597337178761848 0.056464987991108585 0.0 5.0
0.6072018759819978 0.05835993320714556 0.0 5.0
0.6170620693679112 0.06028600623188758 0.0 5.0
0.6269176854726312 0.062243197553139756 0.0 5.0
0.6367686508680321 0.06423149750477754 0.0 5.0
0.6466148921451222 0.06625089626678253 0.0 5.0
0.6564563359143454 0.06830138386527887 0.0 5.0
0.6662929088058837 0.07038295017257011 0.0 5.0
0.6761245374699593 0.07249558490717674 0.0 5.0
0.685951148577137 0.07463927763387423 0.0 5.0
0.6957726688186259 0.0768140177637317 0.0 5.0
0.7055890249065809 0.07901979455415102 0.0 5.0
0.7154001435744061 0.0812565971089068 0.0 5.0
0.7252059515770544 0.0835244143781865 0.0 5.0
0.7350063756913311 0.08582323515863141 0.0 5.0
0.7448013427161947 0.08815304809337823 0.0 5.0
0.7545907794730584 0.090513841672101 0.0 5.0
0.7643746128060919 0.09290560423105376 0.0 5.0
0.7741527695825225 0.09532832395311377 0.0 5.0
0.783925176692937 0.09778198886782516 0.0 5.0
0.7936917610515823 0.1002665868514434 0.0 5.0
0.8034524495966668 0.10278210562698006 0.0 5.0
0.8132071692906616 0.10532853276424835 0.0 5.0
0.8229558471206014 0.10790585567990907 0.0 5.0
0.8326984100983855 0.11051406163751727 0.0 5.0
0.8424347852610786 0.11315313774756948 0.0 5.0
0.8521648996712112 0.11582307096755123 0.0 5.0
0.8618886804170811 0.11852384810198548 0.0 5.0
0.8716060546130531 0.12125545580248151 0.0 5.0
0.8813169493998596 0.12401788056778425 0.0 5.0
0.8910212919449018 0.12681110874382437 0.0 5.0
0.9007190094425489 0.12963512652376888 0.0 5.0
0.9104100291144389 0.132489919948072 0.0 5.0
0.9200942782097788 0.13537547490452717 0.0 5.0
0.9297716840056441 0.13829177712831914 0.0 5.0
0.9394421738072795 0.14123881220207687 0.0 5.0
0.9491056749483975 0.14421656555592677 0.0 5.0
0.9587621147914797 0.14722502246754696 0.0 5.0
0.968411420728075 0.15026416806222143 0.0 5.0
0.9780535201790997 0.15333398731289538 0.0 5.0
0.9876883405951378 0.15643446504023087 0.0 5.0
0.997315809456738 0.15956558591266284 0.0 5.0
1.0069358542747155 0.16272733444645604 0.0 5.0
1.0165484025904497 0.1659196950057624 0.0 5.0
1.0261533819761828 0.16914265180267893 0.0 5.0
1.0357507200353202 0.1723961888973061 0.0 5.0
1.0453403444027283 0.17568029019780693 0.0 5.0
1.0549221827450326 0.17899493946046655 0.0 5.0
1.064496162760918 0.1823401202897526 0.0 5.0
1.0740622121814254 0.1857158161383756 0.0 5.0
1.0836202587702513 0.1891220103073505 0.0 5.0
1.0931702303240458 0.19255868594605846 0.0 5.0
1.10271205467271 0.1960258260523092 0.0 5.0
1.1122456596796952 0.1995234134724041 0.0 5.0
1.1217709732422994 0.20305143090119956 0.0 5.0
1.1312879232919664 0.20660986088217148 0.0 5.0
1.1407964377945825 0.2101986858074793 0.0 5.0
1.1502964447507744 0.21381788791803202 0.0 5.0
1.1597878721962074 0.21746744930355327 0.0 5.0
1.1692706482018806 0.22114735190264806 0.0 5.0
1.1787447008744265 0.22485757750286953 0.0 5.0
1.1882099583564059 0.22859810774078657 0.0 5.0
1.1976663488266066 0.23236892410205165 0.0 5.0
1.2071138005003392 0.2361700079214696 0.0 5.0
1.2165522416297343 0.24000134038306672 0.0 5.0
1.225981600504038 0.2438629025201603 0.0 5.0
1.23540180544991 0.2477546752154293 0.0 5.0
1.244812784831718 0.2516766392009846 0.0 5.0
1.254214467051836 0.255628775058441 0.0 5.0
1.2636067805509381 0.25961106321898875 0.0 5.0
1.2729896538082954 0.26362348396346624 0.0 5.0
1.282363015342073 0.267666017422433 0.0 5.0
1.2917267937096233 0.2717386435762434 0.0 5.0
1.3010809175077827 0.27584134225512064 0.0 5.0
1.3104253153731673 0.2799740931392317 0.0 5.0
1.3197599159824676 0.2841368757587627 0.0 5.0
1.3290846480527432 0.2883296694939943 0.0 5.0
1.3383994403417188 0.29255245357537885 0.0 5.0
1.3477042216480781 0.29680520708361646 0.0 5.0
1.3569989208117585 0.3010879089497334 0.0 5.0
1.3662834667142465 0.30540053795515965 0.0 5.0
1.3755577882788705 0.30974307273180735 0.0 5.0
1.384821814471097 0.31411549176215087 0.0 5.0
1.3940754742988233 0.31851777337930565 0.0 5.0
1.403318696812671 0.3229498957671088 0.0 5.0
1.4125514111062816 0.3274118369602003 0.0 5.0
1.4217735463166081 0.3319035748441038 0.0 5.0
1.4309850316242105 0.336425087155309 0.0 5.0
1.4401857962535471 0.340976351481354 0.0 5.0
1.4493757694732698 0.3455573452609088 0.0 5.0
1.4585548805965147 0.3501680457838581 0.0 5.0
1.4677230589811976 0.3548084301913862 0.0 5.0
1.4768802340303044 0.3594784754760615 0.0 5.0
1.4860263351921852 0.36417815848192164 0.0 5.0
1.4951612919608457 0.3689074559045596 0.0 5.0
1.5042850338762408 0.37366634429120993 0.0 5.0
1.513397490524565 0.3784548000408356 0.0 5.0
1.5224985915385458 0.38327279940421577 0.0 5.0
1.5315882665977343 0.3881203184840336 0.0 5.0
1.5406664454287977 0.39299733323496505 0.0 5.0
1.5497330578058097 0.3979038194637677 0.0 5.0
1.558788033550544 0.40283975282937073 0.0 5.0
1.5678313025327621 0.40780510884296534 0.0 5.0
1.5768627946705074 0.4127998628680949 0.0 5.0
1.5858824399303935 0.4178239901207468 0.0 5.0
1.594890168327897 0.4228774656694445 0.0 5.0
1.6038859099276466 0.4279602644353394 0.0 5.0
1.6128695948437128 0.4330723611923043 0.0 5.0
1.6218411532399 0.4382137305670267 0.0 5.0
1.6308005153300351 0.4433843470391033 0.0 5.0
1.6397476113782568 0.44858418494113383 0.0 5.0
1.6486823716993062 0.45381321845881706 0.0 5.0
1.6576047266588168 0.459071421631046 0.0 5.0
1.666514606673601 0.46435876835000434 0.0 5.0
1.6754119422119425 0.4696752323612636 0.0 5.0
1.6842966637938828 0.47502078726388 0.0 5.0
1.6931687019915111 0.4803954065104924 0.0 5.0
1.7020279874292528 0.4857990634074213 0.0 5.0
1.7108744507841565 0.49123173111476737 0.0 5.0
1.719708022786184 0.49669338264651103 0.0 5.0
1.7285286342184976 0.5021839908706126 0.0 5.0
1.737336215917747 0.5077035285091132 0.0 5.0
1.7461306987743581 0.5132519681382355 0.0 5.0
1.7549120137328198 0.5188292821884859 0.0 5.0
1.7636800917919717 0.5244354429447561 0.0 5.0
1.7724348640052907 0.5300704225464269 0.0 5.0
1.7811762614811775 0.5357341929874707 0.0 5.0
1.7899042153832445 0.5414267261165561 0.0 5.0
1.7986186569306013 0.547147993637151 0.0 5.0
1.8073195173981413 0.5528979671076302 0.0 5.0
1.8160067281168273 0.5586766179413777 0.0 5.0
1.8246802204739783 0.564483917406895 0.0 5.0
1.8333399259135543 0.570319836627907 0.0 5.0
1.8419857759364429 0.5761843465834694 0.0 5.0
1.8506177021007435 0.5820774181080759 0.0 5.0
1.8592356360220523 0.5879990218917666 0.0 5.0
1.867839509373749 0.593949128480237 0.0 5.0
1.8764292538872789 0.5999277082749471 0.0 5.0
1.8850048013524396 0.6059347315332314 0.0 5.0
1.8935660836176649 0.611970168368409 0.0 5.0
1.902113032590307 0.6180339887498948 0.0 5.0
0.0 0.0 0.0 6.0
0.009999972241750464 2.356192310064121e-05 0.0 6.0
0.01999977793431192 9.424743078746845e-05 0.0 6.0
0.029999250530036395 0.0002120557382173711 0.0 6.0
0.03999822348435799 0.00037698553732576026 0.0 6.0
0.04999653025733387 0.0005890349968374613 0.0 6.0
0.05999400431518521 0.0008482017622819639 0.0 6.0
0.06999047913183819 0.0011544829560130299 0.0 6.0
0.07998578819046472 0.001507875177232654 0.0 6.0
0.0899797649850234 0.001908374502019388 0.0 6.0
0.09997224302180006 0.0023559764833610154 0.0 6.0
0.10996305582094847 0.0028506761511915826 0.0 6.0
0.11995203691803077 0.0033924680124327897 0.0 6.0
0.12993901986555798 0.003981346051039738 0.0 6.0
0.13992383823453003 0.0046173037280510185 0.0 6.0
0.14990632561597605 0.005300333981643178 0.0 6.0
0.15988631562249428 0.006030429227189527 0.0 6.0
0.16986364188979178 0.006807581357323292 0.0 6.0
0.17983813807822407 0.007631781742005138 0.0 6.0
0.18980963787433466 0.008503021228595049 0.0 6.0
0.19977797499239403 0.009421290141928532 0.0 6.0
0.20974298317593865 0.010386578284397197 0.0 6.0
0.2197044961993101 0.011398874936033691 0.0 6.0
0.22966234786919307 0.012458168854600962 0.0 6.0
0.239616372026154 0.013564448275685884 0.0 6.0
0.24956640254617898 0.014717700912797258 0.0 6.0
0.2595122733422114 0.0159179139574681 0.0 6.0
0.26945381836568955 0.01716507407936233 0.0 6.0
0.2793908716080836 0.0184591674263858 0.0 6.0
0.2893232671024326 0.019800179624801642 0.0 6.0
0.299250838924881 0.02118809577935 0.0 6.0
0.3091734211962146 0.02262290047337206 0.0 6.0
0.31909084808339644 0.02410457776893847 0.0 6.0
0.32900295380110267 0.025633111206982064 0.0 6.0
0.33890957261325705 0.027208483807434968 0.0 6.0
0.34881053883456614 0.028830678069369998 0.0 6.0
0.3587056868320532 0.030499675971146438 0.0 6.0
0.36859485102659284 0.03221545897056016 0.0 6.0
0.37847786589444343 0.033978008004998034 0.0 6.0
0.3883545659687811 0.035787303491596714 0.0 6.0
0.398224785841232 0.037643325327405726 0.0 6.0
0.4080883601634045 0.03954605288955499 0.0 6.0
0.41794512364842074 0.041495465035426504 0.0 6.0
0.4277949110724482 0.0434915401028305 0.0 6.0
0.4376375572762302 0.045534255910185915 0.0 6.0
0.4474728971666162 0.04762358975670506 0.0 6.0
0.45730076571809136 0.049759518422582825 0.0 6.0
0.46712099797430595 0.051942018169190037 0.0 6.0
0.476933429049604 0.0541710647392712 0.0 6.0
0.4867378941305514 0.056446633357146656 0.0 6.0
0.49653422847746315 0.05876869872891882 0.0 6.0
0.5063222674259308 0.06113723504268303 0.0 6.0
0.5161018463883483 0.06355221596874251 0.0 6.0
0.5258728008554386 0.06601361465982772 0.0 6.0
0.5356349663977779 0.06852140375132004 0.0 6.0
0.5453881786673206 0.07107555536147973 0.0 6.0
0.5551322733989238 0.0736760410916782 0.0 6.0
0.5648670864118692 0.07632283202663469 0.0 6.0
0.5745924536113873 0.07901589873465698 0.0 6.0
0.5843082109901787 0.0817552112678869 0.0 6.0
0.5940141946299345 0.08454073916254957 0.0 6.0
0.6037102407028585 0.08737245143920741 0.0 6.0
0.6133961854731859 0.09025031660301809 0.0 6.0
0.6230718652987027 0.09317430264399715 0.0 6.0
0.6327371166322651 0.09614437703728453 0.0 6.0
0.6423917760233151 0.09916050674341567 0.0 6.0
0.6520356801193999 0.10222265820859693 0.0 6.0
0.6616686656676863 0.10533079736498495 0.0 6.0
0.671290569516477 0.10848488963097071 0.0 6.0
0.680901228616725 0.11168489991146761 0.0 6.0
0.6905004800235469 0.11493079259820407 0.0 6.0
0.700088160897737 0.11822253157002005 0.0 6.0
0.7096641085072786 0.12156008019316838 0.0 6.0
0.7192281602288557 0.12494340132161971 0.0 6.0
0.7287801535493639 0.1283724572973723 0.0 6.0
0.7383199260674187 0.13184720995076588 0.0 6.0
0.7478473154948662 0.13536762060079968 0.0 6.0
0.7573621596582895 0.1389336500554549 0.0 6.0
0.7668642965005165 0.14254525861202139 0.0 6.0
0.7763535640821255 0.1462024060574283 0.0 6.0
0.785829800582951 0.14990505166857968 0.0 6.0
0.7952928443035875 0.15365315421269377 0.0 6.0
0.804742533666893 0.15744667194764642 0.0 6.0
0.8141787072194911 0.16128556262231955 0.0 6.0
0.8236012036332733 0.16516978347695285 0.0 6.0
0.8330098617068982 0.16909929124350068 0.0 6.0
0.842404520367292 0.17307404214599248 0.0 6.0
0.8517850186711462 0.1770939919008978 0.0 6.0
0.8611511958064154 0.18115909571749558 0.0 6.0
0.8705028910938143 0.1852693082982473 0.0 6.0
0.8798399439883117 0.1894245838391751 0.0 6.0
0.8891621940806261 0.1936248760302432 0.0 6.0
0.8984694810987186 0.1978701380557443 0.0 6.0
0.9077616449092851 0.20216032259468997 0.0 6.0
0.9170385255192471 0.20649538182120494 0.0 6.0
0.9262999630772426 0.2108752674049262 0.0 6.0
0.935545797875114 0.2152999305114059 0.0 6.0
0.9447758703493971 0.2197693218025186 0.0 6.0
0.953990021082807 0.22428339143687268 0.0 6.0
0.9631880908057237 0.22884208907022582 0.0 6.0
0.9723699203976766 0.2334453638559054 0.0 6.0
0.9815353508888286 0.23809316444523196 0.0 6.0
0.9906842234614568 0.24278543898794777 0.0 6.0
0.9998163794514344 0.2475221351326493 0.0 6.0
1.00893166034971 0.25230320002722373 0.0 6.0
1.0180299078037867 0.2571285803192899 0.0 6.0
1.0271109636191984 0.26199822215664337 0.0 6.0
1.0361746697609864 0.26691207118770544 0.0 6.0
1.0452208683551747 0.2718700725619769 0.0 6.0
1.0542494016902428 0.2768721709304952 0.0 6.0
1.063260112218598 0.28191831044629634 0.0 6.0
1.0722528425580475 0.2870084347648811 0.0 6.0
1.081227435493267 0.2921424870446846 0.0 6.0
1.0901837339772689 0.29732040994755093 0.0 6.0
1.099121581132871 0.30254214563921145 0.0 6.0
1.1080408202541612 0.3078076357897673 0.0 6.0
1.1169412948079616 0.3131168215741757 0.0 6.0
1.1258228484352928 0.3184696436727422 0.0 6.0
1.134685324952835 0.3238660422716142 0.0 6.0
1.1435285683543883 0.32930595706328053 0.0 6.0
1.1523524228123316 0.33478932724707505 0.0 6.0
1.1611567326790813 0.340316091529684 0.0 6.0
1.1699413424885465 0.34588618812565725 0.0 6.0
1.1787060969575838 0.3514995547579242 0.0 6.0
1.1874508409874516 0.35715612865831375 0.0 6.0
1.196175419665261 0.3628558465680779 0.0 6.0
1.2048796782654276 0.3685986447384201 0.0 6.0
1.2135634622511187 0.37438445893102673 0.0 6.0
1.222226617275703 0.3802132244186047 0.0 6.0
1.2308689891841953 0.38608487598542013 0.0 6.0
1.2394904240147016 0.3919993479278444 0.0 6.0
1.2480907679998623 0.3979565740549014 0.0 6.0
1.2566698675682932 0.403956487688821 0.0 6.0
1.2652275693460266 0.4099990216655955 0.0 6.0
1.2737637201579493 0.41608410833554055 0.0 6.0
1.282278167029239 0.42221167956385997 0.0 6.0
1.2907707571868008 0.4283816667312146 0.0 6.0
1.2992413380607004 0.43459400073429555 0.0 6.0
1.307689757285597 0.4408486119864015 0.0 6.0
1.3161158627021727 0.4471454304180191 0.0 6.0
1.3245195023585636 0.4534843854774092 0.0 6.0
1.3329005245117846 0.45986540613119536 0.0 6.0
1.3412587776291582 0.46628842086495764 0.0 6.0
1.3495941103897366 0.4727533576838299 0.0 6.0
1.357906371685725 0.4792601441131007 0.0 6.0
1.3661954106239018 0.4858087071988196 0.0 6.0
1.3744610765270393 0.4923989735084062 0.0 6.0
1.38270321893532 0.4990308691312633 0.0 6.0
1.390921687607753 0.5057043196793953 0.0 6.0
1.3991163325235876 0.5124192502880289 0.0 6.0
1.4072870038837262 0.5191755856162394 0.0 6.0
1.4154335521121348 0.5259732498475796 0.0 6.0
1.4235558278572524 0.5328121666907136 0.0 6.0
1.4316536819933974 0.5396922593800549 0.0 6.0
1.4397269656221736 0.5466134506764071 0.0 6.0
1.4477755300738737 0.5535756628676102 0.0 6.0
1.4557992269088817 0.5605788177691895 0.0 6.0
1.4637979079190724 0.5676228367250096 0.0 6.0
1.4717714251292096 0.574707640607932 0.0 6.0
1.4797196307983427 0.5818331498204761 0.0 6.0
1.4876423774212024 0.5889992842954846 0.0 6.0
1.4955395177295918 0.596205963496794 0.0 6.0
1.5034109046937787 0.603453106419906 0.0 6.0
1.511256391523884 0.6107406315926668 0.0 6.0
1.5190758316712694 0.6180684570759468 0.0 6.0
1.5268690788299226 0.6254365004643271 0.0 6.0
1.5346359869378403 0.6328446788867875 0.0 6.0
1.5423764101784108 0.6402929090073999 0.0 6.0
1.5500902029817927 0.6477811070260262 0.0 6.0
1.5577772200262938 0.6553091886790173 0.0 6.0
1.5654373162397446 0.6628770692399201 0.0 6.0
1.573070346800875 0.6704846635201841 0.0 6.0
1.5806761671406846 0.6781318858698756 0.0 6.0
1.5882546329438127 0.6858186501783939 0.0 6.0
1.5958056001499068 0.6935448698751909 0.0 6.0
1.603328924954988 0.7013104579304967 0.0 6.0
1.6108244638128149 0.7091153268560463 0.0 6.0
1.6182920734362467 0.716959388705813 0.0 6.0
1.6257316107986022 0.7248425550767438 0.0 6.0
1.6331429331350171 0.7327647371094987 0.0 6.0
1.6405258979438015 0.7407258454891958 0.0 6.0
1.6478803629877923 0.748725790446157 0.0 6.0
1.6552061862957053 0.7567644817566604 0.0 6.0
1.662503226163486 0.7648418287436961 0.0 6.0
1.6697713411556552 0.7729577402777236 0.0 6.0
1.6770103901066564 0.7811121247774361 0.0 6.0
1.6842202321221975 0.7893048902105267 0.0 6.0
1.691400726580594 0.797535944094459 0.0 6.0
1.6985517331341056 0.8058051934972414 0.0 6.0
1.7056731117102764 0.8141125450382052 0.0 6.0
1.712764722513267 0.8224579048887866 0.0 6.0
1.7198264260251883 0.8308411787733129 0.0 6.0
1.7268580830074325 0.839262271969791 0.0 6.0
1.7338595545020006 0.8477210893107026 0.0 6.0
1.7408307018328288 0.8562175351837991 0.0 6.0
1.7477713866071134 0.8647515135329038 0.0 6.0
1.754681470716631 0.8733229278587167 0.0 6.0
1.7615608163390586 0.8819316812196221 0.0 6.0
1.7684092859392924 0.8905776762325016 0.0 6.0
1.77522674227076 0.8992608150735498 0.0 6.0
1.7820130483767358 0.9079809994790935 0.0 6.0
